symbol,longName,sector,industry,country,marketCap,currentPrice,averageVolume10days,averageVolume3months,averageDollarVolume,revenueGrowth,earningsGrowth,earningsQuarterlyGrowth,grossMargins,operatingMargins,profitMargins,returnOnEquity,returnOnAssets,totalCash,totalDebt,debtToEquity,currentRatio,quickRatio,operatingCashflow,freeCashflow,sharesOutstanding,floatShares,heldPercentInsiders,heldPercentInstitutions,sharesShort,shortRatio,shortPercentOfFloat,trailingPE,forwardPE,priceToSalesTrailing12Months,priceToBook,enterpriseToRevenue,enterpriseToEbitda,targetMeanPrice,targetHighPrice,targetLowPrice,recommendationMean,recommendationKey,numberOfAnalystOpinions,epsRevisionUpLast7Days,epsRevisionUpLast30Days,epsRevisionDownLast7Days,epsRevisionDownLast30Days,nextEarningsDate,beta,website,retrievedAt
HAFN,Hafnia Limited,Industrials,Marine Shipping,Singapore,5738750464,10.72,3417260,2015162,21602536.64,0.472,2.667,2.688,0.31902,0.29506,0.24699,0.26612,0.09653,270983008,885363008,33.41,1.655,1.331,703683968,363743136,535331154,241594283,0.42731997,0.3694,1166186,0.59,0.0255,8.310078,15.098593,2.1518877,2.0218785,2.264,8.392,11.5,12.0,11.0,1.5,strong_buy,2,1,1,0,0,2026-11-18,-0.189,https://hafnia.com,2026-10-10T21:30:40.641780+01:00
Date,Open,High,Low,Close,Ma10:Top:Line,Ma20:Top:Line,Ma50:Top:Line,Ma150:Top:Line,Ma200:Top:Line,Supertrend:Top:ColorLine,Supertrend_Dir,ParabolicSAR:Top:ColorLine,ParabolicSAR_Dir,Volume:Middle:Histogram,Vo50:Middle:Line,Macd:Bottom:Line,MacdSignal:Bottom:Line,MacdDelta:Bottom:Histogram,RsRating:Hidden:Hidden
2024-04-10,4.67,4.68,4.53,4.64,,,,,,,0,4.5332,1,2800,,,,,0
2024-04-11,4.74,4.87,4.70,4.75,,,,,,,0,4.5332,1,2045,,,,,0
2024-04-12,4.77,4.87,4.72,4.73,,,,,,,0,4.5332,1,2593,,,,,0
2024-04-15,4.71,4.78,4.65,4.68,,,,,,,0,4.5468,1,1908,,,,,0
2024-04-16,4.70,4.72,4.59,4.65,,,,,,,0,4.5598,1,780,,,,,0
2024-04-17,4.77,4.80,4.70,4.73,,,,,,,0,4.5723,1,819,,,,,0
2024-04-18,4.68,4.69,4.60,4.60,,,,,,,0,4.5844,1,874,,,,,0
2024-04-19,4.62,4.81,4.59,4.69,,,,,,,0,4.8727,0,641,,,,,0
2024-04-22,4.61,4.68,4.56,4.68,,,,,,,0,4.8671,0,1122,,,,,0
2024-04-23,4.68,4.78,4.66,4.73,4.69,,,,,5.1934,0,4.8547,0,1289,,,,,0
2024-04-24,4.68,4.77,4.65,4.77,4.70,,,,,5.1726,0,4.8429,0,1061,,,,,0
2024-04-25,4.67,4.77,4.65,4.75,4.70,,,,,5.1574,0,4.8315,0,1087,,,,,0
2024-04-26,4.78,4.90,4.76,4.82,4.71,,,,,5.1574,0,4.5584,1,1622,,,,,0
2024-04-29,4.80,4.85,4.76,4.79,4.72,,,,,5.1574,0,4.5653,1,1242,,,,,0
2024-04-30,4.82,4.86,4.78,4.85,4.74,,,,,5.1574,0,4.5721,1,833,,,,,0
2024-05-01,4.80,4.85,4.75,4.81,4.75,,,,,5.1574,0,4.5787,1,812,,,,,0
2024-05-02,4.82,4.94,4.77,4.90,4.78,,,,,5.1574,0,4.5852,1,880,,,,,0
2024-05-03,4.96,4.99,4.90,4.95,4.81,,,,,5.1574,0,4.5995,1,730,,,,,0
2024-05-06,4.97,5.06,4.97,5.06,4.84,,,,,5.1574,0,4.6227,1,1218,,,,,0
2024-05-07,4.94,5.03,4.89,4.99,4.87,4.78,,,,5.1574,0,4.6573,1,1214,,,,,0
2024-05-08,4.97,5.17,4.96,5.11,4.90,4.80,,,,5.1574,0,4.6891,1,4710,,,,,0
2024-05-09,5.15,5.15,5.12,5.14,4.94,4.82,,,,5.1574,0,4.7370,1,1306,,,,,0
2024-05-10,5.21,5.29,5.11,5.19,4.98,4.84,,,,4.7946,1,4.7801,1,2042,,,,,0
2024-05-13,5.22,5.31,5.17,5.28,5.03,4.87,,,,4.8364,1,4.8410,1,2855,,,,,0
2024-05-14,5.24,5.41,5.21,5.38,5.08,4.91,,,,4.8824,1,4.9062,1,5433,,,,,0
2024-05-15,5.22,5.36,5.13,5.33,5.13,4.94,,,,4.8824,1,4.9864,1,5627,,,,,0
2024-05-16,5.28,5.43,5.23,5.35,5.18,4.98,,,,4.8824,1,5.0537,1,1905,,,,,0
2024-05-17,5.43,5.47,5.36,5.44,5.22,5.02,,,,4.9596,1,5.1212,1,1748,,,,,0
2024-05-20,5.44,5.48,5.38,5.41,5.26,5.05,,,,4.9908,1,5.1909,1,4580,,,,,0
2024-05-21,5.34,5.47,5.33,5.44,5.31,5.09,,,,4.9908,1,5.2493,1,7669,,,,,0
2024-05-22,5.42,5.43,5.33,5.41,5.34,5.12,,,,4.9908,1,5.2959,1,2885,,,,,0
2024-05-23,5.48,5.54,5.46,5.53,5.38,5.16,,,,5.0745,1,5.3254,1,1905,,,,,0
2024-05-24,5.50,5.62,5.49,5.57,5.41,5.20,,,,5.1367,1,5.3296,1,3377,,,,,0
2024-05-28,5.57,5.67,5.55,5.62,5.45,5.24,,,,5.1959,1,5.3886,1,2397,,0.2408,0.2370,0.0038,0
2024-05-29,5.57,5.65,5.55,5.64,5.48,5.28,,,,5.1959,1,5.4449,1,2912,,0.2422,0.2380,0.0042,0
2024-05-30,5.66,5.79,5.63,5.76,5.52,5.33,,,,5.2974,1,5.4899,1,2497,,0.2500,0.2404,0.0096,0
2024-05-31,5.76,5.89,5.73,5.86,5.57,5.37,,,,5.3882,1,5.5457,1,2143,,0.2611,0.2446,0.0166,0
2024-06-03,5.70,5.81,5.68,5.72,5.60,5.41,,,,5.3882,1,5.6138,1,1979,,0.2554,0.2467,0.0086,0
2024-06-04,5.54,5.64,5.48,5.49,5.61,5.43,,,,5.3882,1,5.8862,0,3065,,0.2302,0.2434,-0.0133,0
2024-06-05,5.50,5.55,5.44,5.52,5.61,5.46,,,,5.3882,1,5.8781,0,2229,,0.2099,0.2367,-0.0268,0
2024-06-06,5.45,5.57,5.40,5.52,5.62,5.48,,,,5.3882,1,5.8607,0,3015,,0.1916,0.2277,-0.0361,0
2024-06-07,5.42,5.47,5.38,5.45,5.62,5.50,,,,5.3882,1,5.8328,0,1839,,0.1694,0.2160,-0.0467,0
2024-06-10,5.40,5.47,5.35,5.43,5.60,5.51,,,,5.3882,1,5.7968,0,1828,,0.1490,0.2026,-0.0536,0
2024-06-11,5.17,5.24,5.09,5.22,5.56,5.51,,,,5.6655,0,5.7520,0,6275,,0.1146,0.1850,-0.0704,0
2024-06-12,5.22,5.27,5.19,5.24,5.52,5.50,,,,5.6655,0,5.6723,0,3251,,0.0879,0.1656,-0.0777,0
2024-06-13,5.05,5.08,4.96,5.00,5.45,5.48,,,,5.5322,0,5.6021,0,9004,,0.0466,0.1418,-0.0951,0
2024-06-14,4.85,4.95,4.85,4.90,5.35,5.46,,,,5.4026,0,5.5126,0,3708,,0.0060,0.1146,-0.1087,0
2024-06-17,4.94,5.02,4.92,5.00,5.28,5.44,,,,5.4026,0,5.4058,0,2157,,-0.0187,0.0880,-0.1066,0
2024-06-18,5.04,5.15,5.03,5.14,5.24,5.42,,,,5.4026,0,5.3161,0,2050,,-0.0262,0.0651,-0.0914,0
2024-06-20,5.14,5.20,5.12,5.19,5.21,5.41,5.14,,,5.4026,0,5.2407,0,2284,2485,-0.0277,0.0466,-0.0743,0
2024-06-21,5.16,5.24,5.14,5.21,5.18,5.40,5.15,,,5.4026,0,4.8451,1,5656,2542,-0.0270,0.0319,-0.0588,0
2024-06-24,5.24,5.27,5.23,5.26,5.16,5.39,5.16,,,5.4026,0,4.8531,1,1405,2529,-0.0219,0.0211,-0.0430,0
2024-06-25,5.21,5.24,5.17,5.22,5.14,5.37,5.17,,,5.4026,0,4.8698,1,1175,2501,-0.0208,0.0127,-0.0335,0
2024-06-26,5.27,5.42,5.27,5.40,5.16,5.36,5.18,,,5.4026,0,4.8859,1,2482,2512,-0.0057,0.0090,-0.0147,0
2024-06-27,5.41,5.45,5.39,5.42,5.18,5.35,5.20,,,5.0212,1,4.9182,1,2463,2546,0.0079,0.0088,-0.0009,0
2024-06-28,5.50,5.53,5.47,5.49,5.22,5.34,5.21,,,5.1036,1,4.9611,1,1845,2567,0.0241,0.0119,0.0123,0
2024-07-01,5.42,5.42,5.32,5.38,5.27,5.31,5.23,,,5.1036,1,5.0176,1,2526,2600,0.0277,0.0150,0.0127,0
2024-07-02,5.40,5.48,5.39,5.43,5.32,5.30,5.24,,,5.1036,1,5.0684,1,1914,2625,0.0344,0.0189,0.0155,0
2024-07-03,5.42,5.46,5.40,5.40,5.34,5.29,5.26,,,5.1036,1,5.1142,1,1356,2630,0.0366,0.0224,0.0142,0
2024-07-05,5.36,5.36,5.28,5.30,5.35,5.28,5.27,,,5.1036,1,5.1554,1,1562,2635,0.0296,0.0239,0.0057,0
2024-07-08,5.23,5.24,5.16,5.17,5.35,5.26,5.28,,,5.1036,1,5.5261,0,1727,2648,0.0133,0.0218,-0.0085,0
2024-07-09,5.17,5.25,5.17,5.19,5.34,5.25,5.29,,,5.1036,1,5.5187,0,1971,2666,0.0024,0.0179,-0.0154,0
2024-07-10,5.19,5.28,5.19,5.26,5.35,5.24,5.30,,,5.1036,1,5.5116,0,1439,2663,-0.0003,0.0143,-0.0146,0
2024-07-11,5.10,5.14,5.06,5.10,5.32,5.24,5.30,,,5.4842,0,5.5045,0,7309,2784,-0.0155,0.0083,-0.0238,0
2024-07-12,5.09,5.09,5.02,5.04,5.28,5.23,5.31,,,5.4270,0,5.4866,0,4096,2849,-0.0325,0.0001,-0.0326,0
2024-07-15,5.06,5.15,5.04,5.13,5.24,5.23,5.31,,,5.4270,0,5.4584,0,4462,2922,-0.0381,-0.0075,-0.0306,0
2024-07-16,5.12,5.13,5.04,5.13,5.21,5.24,5.32,,,5.4270,0,5.4318,0,4021,2985,-0.0421,-0.0144,-0.0277,0
2024-07-17,5.09,5.11,5.06,5.09,5.18,5.25,5.32,,,5.4255,0,5.4068,0,2266,3016,-0.0473,-0.0210,-0.0263,0
2024-07-18,5.13,5.15,5.05,5.07,5.15,5.25,5.32,,,5.4255,0,5.3833,0,2953,3050,-0.0525,-0.0273,-0.0252,0
2024-07-19,4.98,5.08,4.96,5.00,5.12,5.24,5.32,,,5.3629,0,5.3612,0,7024,3167,-0.0616,-0.0342,-0.0275,0
2024-07-22,5.05,5.21,5.05,5.21,5.12,5.24,5.32,,,5.3629,0,5.3289,0,4694,3166,-0.0519,-0.0377,-0.0142,0
2024-07-23,5.24,5.27,5.18,5.26,5.13,5.24,5.32,,,5.3629,0,5.2991,0,4079,3222,-0.0390,-0.0380,-0.0010,0
2024-07-24,5.23,5.24,5.08,5.08,5.11,5.23,5.32,,,5.3629,0,5.2717,0,3336,3248,-0.0431,-0.0390,-0.0041,0
2024-07-25,5.07,5.07,4.97,4.97,5.10,5.21,5.32,,,5.3629,0,5.2707,0,3056,3252,-0.0547,-0.0421,-0.0125,0
2024-07-26,5.00,5.00,4.92,4.94,5.09,5.18,5.31,,,5.3169,0,5.2456,0,1863,3180,-0.0652,-0.0467,-0.0185,0
2024-07-29,5.07,5.13,5.07,5.13,5.09,5.16,5.30,,,5.3169,0,5.2127,0,1831,3104,-0.0581,-0.0490,-0.0091,0
2024-07-30,5.11,5.17,5.11,5.15,5.09,5.15,5.30,,,5.3169,0,5.1832,0,2058,3107,-0.0498,-0.0492,-0.0006,0
2024-07-31,5.22,5.23,5.16,5.21,5.10,5.14,5.30,,,5.3169,0,4.9172,1,2159,3116,-0.0380,-0.0469,0.0089,0
2024-08-01,5.22,5.22,5.07,5.13,5.11,5.13,5.29,,,5.3169,0,4.9234,1,2733,3079,-0.0351,-0.0446,0.0095,0
2024-08-02,4.90,4.95,4.87,4.92,5.10,5.11,5.28,,,5.3108,0,5.2314,0,4649,3018,-0.0492,-0.0455,-0.0037,0
2024-08-05,4.60,4.81,4.60,4.72,5.05,5.09,5.27,,,5.1575,0,5.2243,0,5387,3068,-0.0753,-0.0514,-0.0238,0
2024-08-06,4.75,4.93,4.75,4.90,5.01,5.07,5.25,,,5.1575,0,5.1994,0,3625,3103,-0.0808,-0.0573,-0.0235,0
2024-08-07,4.99,5.01,4.84,4.91,5.00,5.05,5.24,,,5.1575,0,5.1756,0,2883,3093,-0.0831,-0.0625,-0.0207,0
2024-08-08,4.92,4.96,4.88,4.96,5.00,5.05,5.23,,,5.1575,0,5.1527,0,2498,3095,-0.0799,-0.0660,-0.0139,0
2024-08-09,4.96,4.96,4.82,4.87,4.99,5.04,5.21,,,5.1575,0,5.1307,0,3957,3116,-0.0837,-0.0695,-0.0142,0
2024-08-12,5.02,5.04,4.98,4.99,4.98,5.03,5.20,,,5.1575,0,5.1096,0,2632,3118,-0.0763,-0.0709,-0.0055,0
2024-08-13,4.95,4.98,4.91,4.94,4.95,5.02,5.18,,,5.1575,0,5.0893,0,2432,3124,-0.0739,-0.0715,-0.0024,0
2024-08-14,5.03,5.08,5.00,5.02,4.94,5.02,5.16,,,5.1575,0,4.6029,1,3481,3154,-0.0643,-0.0700,0.0057,0
2024-08-15,5.07,5.10,5.00,5.10,4.93,5.02,5.15,,,5.1575,0,4.6124,1,2979,3152,-0.0498,-0.0660,0.0162,0
2024-08-16,5.04,5.11,5.03,5.08,4.95,5.02,5.15,,,5.1575,0,4.6319,1,2496,3158,-0.0395,-0.0607,0.0212,0
2024-08-19,5.07,5.16,5.06,5.16,4.99,5.02,5.14,,,4.7218,1,4.6604,1,3430,3166,-0.0247,-0.0535,0.0288,0
2024-08-20,4.99,5.00,4.93,4.96,5.00,5.01,5.13,,,4.7218,1,4.7006,1,5676,3243,-0.0289,-0.0486,0.0196,0
2024-08-21,5.04,5.06,5.00,5.06,5.01,5.01,5.12,,,4.7218,1,4.7376,1,2920,3265,-0.0236,-0.0436,0.0200,0
2024-08-22,5.03,5.08,4.98,5.03,5.02,5.01,5.12,,,4.7218,1,4.7716,1,6274,3265,-0.0218,-0.0392,0.0174,0
2024-08-23,5.12,5.27,5.09,5.24,5.06,5.02,5.12,,,4.7493,1,4.8029,1,10091,3401,-0.0034,-0.0321,0.0287,0
2024-08-26,5.19,5.41,5.19,5.36,5.09,5.04,5.12,,,4.8419,1,4.8496,1,13867,3499,0.0210,-0.0215,0.0424,0
2024-08-27,5.28,5.32,5.25,5.27,5.13,5.04,5.13,,,4.8442,1,4.9167,1,11592,3656,0.0325,-0.0107,0.0432,0
2024-08-28,5.17,5.19,5.11,5.12,5.14,5.04,5.13,,,4.8442,1,4.9757,1,13497,3883,0.0292,-0.0027,0.0319,0
2024-08-29,5.13,5.32,5.12,5.26,5.15,5.04,5.14,,,4.8442,1,5.0276,1,10504,4052,0.0377,0.0054,0.0323,0
2024-08-30,5.29,5.37,5.27,5.34,5.18,5.06,5.14,,,4.8717,1,5.0732,1,10747,4222,0.0497,0.0143,0.0355,0
2024-09-03,5.13,5.13,5.04,5.07,5.17,5.08,5.14,,,4.8717,1,5.4082,0,13813,4385,0.0374,0.0189,0.0185,0
2024-09-04,4.97,5.01,4.94,4.97,5.17,5.09,5.13,,,4.8717,1,5.4008,0,10987,4576,0.0196,0.0190,0.0006,0
2024-09-05,4.85,4.97,4.84,4.93,5.16,5.09,5.13,,,4.8717,1,5.3824,0,13360,4820,0.0016,0.0156,-0.0139,0
2024-09-06,4.89,4.95,4.80,4.82,5.14,5.08,5.11,,,5.3489,0,5.3500,0,14717,5065,-0.0213,0.0082,-0.0295,0
2024-09-09,4.74,4.87,4.72,4.80,5.09,5.08,5.10,,,5.2649,0,5.3057,0,10590,5227,-0.0401,-0.0015,-0.0386,0
2024-09-10,4.87,4.87,4.77,4.78,5.04,5.07,5.09,,,5.2649,0,5.2470,0,7456,5339,-0.0560,-0.0124,-0.0436,0
2024-09-11,4.80,4.83,4.73,4.83,4.99,5.06,5.08,,,5.2169,0,5.1943,0,8692,5463,-0.0640,-0.0227,-0.0413,0
2024-09-12,4.87,5.01,4.85,4.99,4.98,5.06,5.07,,,5.2169,0,5.1468,0,7281,5570,-0.0569,-0.0295,-0.0274,0
2024-09-13,5.01,5.08,5.00,5.03,4.96,5.05,5.06,,,5.2169,0,5.1041,0,4703,5637,-0.0474,-0.0331,-0.0143,0
2024-09-16,5.10,5.27,5.08,5.27,4.95,5.06,5.06,,,4.7141,1,4.7196,1,9245,5791,-0.0201,-0.0305,0.0104,0
2024-09-17,5.24,5.32,5.23,5.31,4.97,5.07,5.06,,,4.8325,1,4.7306,1,8686,5930,0.0042,-0.0236,0.0277,0
2024-09-18,5.33,5.37,5.29,5.32,5.01,5.09,5.06,,,4.9091,1,4.7541,1,6622,6023,0.0243,-0.0140,0.0383,0
2024-09-19,5.39,5.40,5.30,5.32,5.05,5.10,5.07,,,4.9413,1,4.7909,1,2931,6053,0.0397,-0.0033,0.0430,0
2024-09-20,5.06,5.15,5.00,5.08,5.07,5.11,5.07,,,4.9413,1,4.8398,1,17979,6266,0.0327,0.0039,0.0288,0
2024-09-23,5.03,5.11,5.02,5.08,5.10,5.10,5.07,,,4.9413,1,4.8847,1,9711,6378,0.0263,0.0084,0.0179,0
2024-09-24,5.14,5.21,5.13,5.18,5.14,5.09,5.07,,,4.9413,1,4.9261,1,7485,6439,0.0292,0.0126,0.0166,0
2024-09-25,5.02,5.06,4.95,4.96,5.15,5.07,5.06,,,4.9413,1,5.4017,0,15734,6673,0.0136,0.0128,0.0008,0
2024-09-26,5.00,5.10,4.97,5.06,5.16,5.07,5.06,,,4.9413,1,5.3926,0,7388,6776,0.0089,0.0120,-0.0031,0
2024-09-27,4.93,4.99,4.92,4.97,5.15,5.05,5.06,,,4.9413,1,5.3836,0,10063,6918,-0.0021,0.0092,-0.0113,0
2024-09-30,4.96,4.97,4.90,4.93,5.12,5.03,5.06,,,5.3676,0,5.3651,0,6470,6907,-0.0134,0.0047,-0.0180,0
2024-10-01,4.90,5.05,4.88,5.02,5.09,5.03,5.06,,,5.3676,0,5.3371,0,8996,6993,-0.0155,0.0006,-0.0161,0
2024-10-02,5.09,5.19,5.08,5.17,5.08,5.04,5.05,,,5.3676,0,5.3004,0,12373,7159,-0.0043,-0.0003,-0.0040,0
2024-10-03,5.10,5.19,5.05,5.19,5.06,5.06,5.06,,,5.3676,0,5.2666,0,11385,7320,0.0062,0.0010,0.0052,0
2024-10-04,5.15,5.18,5.12,5.17,5.07,5.07,5.06,,,5.3676,0,5.2355,0,7504,7409,0.0121,0.0032,0.0089,0
2024-10-07,5.08,5.14,5.08,5.14,5.08,5.09,5.06,,,5.3676,0,5.2069,0,11362,7599,0.0144,0.0054,0.0090,0
2024-10-08,5.06,5.10,5.00,5.08,5.07,5.11,5.06,,,5.3676,0,5.1812,0,12688,7816,0.0116,0.0067,0.0050,0
2024-10-09,4.98,5.09,4.95,5.03,5.08,5.12,5.06,,,5.3676,0,5.1569,0,10510,7985,0.0049,0.0063,-0.0014,0
2024-10-10,5.05,5.17,5.05,5.16,5.09,5.12,5.06,,,5.3676,0,4.8780,1,9128,8124,0.0101,0.0071,0.0030,0
2024-10-11,5.04,5.09,5.04,5.09,5.10,5.13,5.06,,,5.3676,0,4.8838,1,11869,8307,0.0085,0.0074,0.0011,0
2024-10-14,4.88,4.93,4.87,4.88,5.09,5.11,5.06,,,5.3336,0,5.1674,0,16448,8543,-0.0093,0.0040,-0.0133,0
2024-10-15,4.71,4.77,4.69,4.71,5.06,5.08,5.06,,,5.1789,0,5.1615,0,13386,8703,-0.0369,-0.0042,-0.0328,0
2024-10-16,4.59,4.64,4.57,4.61,5.01,5.04,5.05,,,5.0502,0,5.1427,0,25867,9148,-0.0664,-0.0166,-0.0498,0
2024-10-17,4.58,4.62,4.56,4.60,4.95,5.01,5.05,,,5.0117,0,5.1082,0,8408,9258,-0.0898,-0.0312,-0.0585,0
2024-10-18,4.60,4.60,4.55,4.57,4.89,4.98,5.04,,,4.9690,0,5.0647,0,6767,9344,-0.1088,-0.0468,-0.0620,0
2024-10-21,4.60,4.60,4.52,4.55,4.83,4.95,5.03,,,4.9362,0,5.0130,0,6805,9401,-0.1240,-0.0622,-0.0618,0
2024-10-22,4.53,4.54,4.48,4.48,4.77,4.92,5.02,,,4.8705,0,4.9538,0,7728,9502,-0.1406,-0.0779,-0.0627,0
2024-10-23,4.34,4.36,4.29,4.29,4.70,4.89,5.01,,,4.7078,0,4.8872,0,19623,9846,-0.1669,-0.0957,-0.0712,0
2024-10-24,4.30,4.33,4.26,4.31,4.61,4.85,4.99,,,4.6604,0,4.7910,0,8579,9948,-0.1839,-0.1133,-0.0706,0
2024-10-25,4.24,4.33,4.23,4.27,4.53,4.81,4.98,,,4.6387,0,4.6963,0,9454,10078,-0.1984,-0.1303,-0.0681,0
2024-10-28,4.12,4.20,4.11,4.18,4.46,4.78,4.96,,,4.5261,0,4.6034,0,18861,10405,-0.2152,-0.1473,-0.0679,0
2024-10-29,4.14,4.15,4.04,4.06,4.39,4.73,4.94,,,4.4683,0,4.5040,0,17160,10680,-0.2353,-0.1649,-0.0704,0
2024-10-30,4.04,4.06,4.01,4.02,4.33,4.67,4.92,,,4.3859,0,4.4107,0,12449,10815,-0.2511,-0.1821,-0.0689,0
2024-10-31,4.00,4.06,4.00,4.00,4.27,4.61,4.90,,,4.3668,0,4.3298,0,10937,10975,-0.2622,-0.1982,-0.0641,0
2024-11-01,4.07,4.08,3.97,3.98,4.22,4.55,4.88,,,4.3609,0,4.2631,0,7260,10995,-0.2696,-0.2125,-0.0572,0
2024-11-04,3.93,3.94,3.90,3.92,4.15,4.49,4.85,,,4.2486,0,4.2042,0,7659,10947,-0.2773,-0.2254,-0.0519,0
2024-11-05,3.92,3.94,3.85,3.90,4.09,4.43,4.82,,,4.2178,0,4.1433,0,9403,10857,-0.2818,-0.2367,-0.0451,0
2024-11-06,3.64,3.81,3.64,3.77,4.04,4.37,4.79,,,4.0966,0,4.0842,0,13488,10895,-0.2926,-0.2479,-0.0447,0
2024-11-07,3.87,3.98,3.85,3.86,4.00,4.30,4.77,,,4.0966,0,3.9963,0,12811,10881,-0.2905,-0.2564,-0.0341,0
2024-11-08,3.81,3.82,3.71,3.74,3.94,4.24,4.74,,,4.0966,0,3.9754,0,13879,10949,-0.2949,-0.2641,-0.0308,0
2024-11-11,3.71,3.73,3.67,3.68,3.89,4.18,4.70,4.99,,4.0794,0,3.9754,0,8820,10910,-0.3000,-0.2713,-0.0287,0
2024-11-12,3.59,3.60,3.53,3.56,3.84,4.12,4.67,4.99,,3.9517,0,3.9093,0,14628,10927,-0.3099,-0.2790,-0.0309,0
2024-11-13,3.54,3.64,3.54,3.60,3.80,4.07,4.65,4.98,,3.9517,0,3.8337,0,15482,11017,-0.3108,-0.2854,-0.0254,0
2024-11-14,3.71,3.78,3.70,3.73,3.77,4.02,4.62,4.97,,3.9517,0,3.5311,1,10921,10968,-0.2981,-0.2879,-0.0102,0
2024-11-15,3.66,3.72,3.60,3.63,3.74,3.98,4.60,4.96,,3.9517,0,3.5359,1,13682,10947,-0.2924,-0.2888,-0.0036,0
2024-11-18,3.70,3.78,3.69,3.71,3.72,3.94,4.58,4.96,,3.9517,0,3.5407,1,6905,10873,-0.2780,-0.2866,0.0086,0
2024-11-19,3.78,3.85,3.75,3.85,3.71,3.90,4.56,4.95,,3.9517,0,3.5454,1,11168,10948,-0.2526,-0.2798,0.0272,0
2024-11-20,3.91,3.96,3.89,3.91,3.73,3.88,4.54,4.95,,3.9517,0,3.5578,1,10810,10990,-0.2254,-0.2690,0.0435,0
2024-11-21,3.87,3.88,3.75,3.78,3.72,3.86,4.51,4.94,,3.9517,0,3.5820,1,15011,11145,-0.2114,-0.2575,0.0460,0
2024-11-22,3.75,3.82,3.74,3.82,3.73,3.84,4.49,4.94,,3.9517,0,3.6048,1,9530,11241,-0.1953,-0.2450,0.0497,0
2024-11-25,3.75,3.75,3.67,3.69,3.73,3.81,4.46,4.93,,3.9517,0,3.6262,1,8359,11223,-0.1904,-0.2341,0.0437,0
2024-11-26,3.70,3.73,3.66,3.67,3.74,3.79,4.43,4.92,,3.9517,0,3.6464,1,8653,11223,-0.1860,-0.2245,0.0385,0
2024-11-27,3.75,3.92,3.73,3.89,3.77,3.78,4.40,4.92,,3.9517,0,3.6592,1,30971,11710,-0.1634,-0.2123,0.0489,0
2024-11-29,3.94,4.08,3.90,3.92,3.79,3.78,4.37,4.91,,3.9517,0,3.6592,1,22977,12111,-0.1411,-0.1980,0.0570,0
2024-12-02,3.84,3.91,3.80,3.88,3.81,3.78,4.35,4.90,,3.9517,0,3.6930,1,30900,12369,-0.1253,-0.1835,0.0582,0
2024-12-03,3.93,4.09,3.93,4.00,3.84,3.78,4.32,4.90,,3.5659,1,3.7242,1,25615,12687,-0.1016,-0.1671,0.0655,0
2024-12-04,4.00,4.05,3.97,3.99,3.85,3.78,4.30,4.89,,3.5893,1,3.7603,1,29809,13134,-0.0829,-0.1503,0.0673,0
2024-12-05,4.20,4.30,4.19,4.24,3.89,3.81,4.29,4.89,,3.7719,1,3.7929,1,23687,13293,-0.0475,-0.1297,0.0822,0
2024-12-06,4.21,4.25,4.12,4.12,3.92,3.82,4.27,4.88,,3.7719,1,3.8535,1,19917,13543,-0.0286,-0.1095,0.0809,0
2024-12-09,4.19,4.25,4.15,4.15,3.96,3.84,4.25,4.88,,3.7719,1,3.9069,1,15546,13653,-0.0110,-0.0898,0.0788,0
2024-12-10,4.27,4.36,4.26,4.31,4.02,3.87,4.24,4.87,,3.8379,1,3.9538,1,21722,13958,0.0155,-0.0687,0.0842,0
2024-12-11,4.32,4.36,4.25,4.29,4.08,3.91,4.22,4.87,,3.8467,1,4.0113,1,20985,14198,0.0348,-0.0480,0.0828,0
2024-12-12,4.18,4.27,4.16,4.18,4.11,3.94,4.20,4.86,,3.8467,1,4.0608,1,16441,14279,0.0407,-0.0303,0.0710,0
2024-12-13,4.19,4.30,4.18,4.28,4.14,3.97,4.19,4.85,,3.8467,1,4.1033,1,13170,14315,0.0525,-0.0137,0.0662,0
2024-12-16,4.18,4.21,4.14,4.14,4.17,3.99,4.17,4.85,,3.8467,1,4.1399,1,10562,14376,0.0504,-0.0009,0.0513,0
2024-12-17,4.01,4.14,4.00,4.12,4.18,4.01,4.14,4.84,,3.8467,1,4.3646,0,17933,14507,0.0463,0.0085,0.0377,0
2024-12-18,4.07,4.17,4.04,4.06,4.19,4.02,4.12,4.83,,3.8467,1,4.3574,0,13286,14519,0.0381,0.0144,0.0237,0
2024-12-19,4.07,4.10,4.03,4.03,4.17,4.03,4.10,4.82,,3.8467,1,4.3503,0,13943,14588,0.0281,0.0172,0.0110,0
2024-12-20,3.94,4.09,3.94,4.03,4.16,4.04,4.08,4.81,,3.8467,1,4.3433,0,12170,14649,0.0206,0.0179,0.0028,0
2024-12-23,4.06,4.18,4.06,4.18,4.16,4.06,4.06,4.80,,3.8467,1,4.3271,0,8437,14580,0.0258,0.0195,0.0064,0
2024-12-24,4.21,4.43,4.17,4.43,4.17,4.10,4.05,4.80,,3.8467,1,3.9384,1,12471,14501,0.0498,0.0255,0.0243,0
2024-12-26,4.40,4.41,4.33,4.34,4.18,4.13,4.05,4.79,,3.9347,1,3.9482,1,11585,14465,0.0611,0.0326,0.0284,0
2024-12-27,4.25,4.32,4.22,4.30,4.19,4.15,4.04,4.78,,3.9347,1,3.9578,1,10588,14159,0.0660,0.0393,0.0267,0
2024-12-30,4.28,4.31,4.21,4.29,4.19,4.17,4.03,4.77,,3.9347,1,3.9672,1,10687,14205,0.0686,0.0452,0.0234,0
2024-12-31,4.33,4.46,4.31,4.40,4.22,4.19,4.03,4.77,,3.9636,1,3.9764,1,10599,14281,0.0779,0.0517,0.0262,0
2025-01-02,4.44,4.53,4.43,4.51,4.26,4.22,4.03,4.76,,4.0583,1,3.9957,1,11718,14380,0.0938,0.0601,0.0337,0
2025-01-03,4.45,4.48,4.36,4.38,4.29,4.24,4.03,4.75,,4.0583,1,4.0278,1,9466,14414,0.0945,0.0670,0.0275,0
2025-01-06,4.42,4.51,4.39,4.40,4.33,4.25,4.03,4.74,,4.0583,1,4.0580,1,13971,14301,0.0952,0.0727,0.0226,0
2025-01-07,4.42,4.51,4.41,4.50,4.37,4.27,4.03,4.73,,4.0583,1,4.0863,1,18559,14501,0.1029,0.0787,0.0242,0
2025-01-08,4.40,4.42,4.33,4.38,4.39,4.28,4.04,4.72,,4.0583,1,4.1130,1,10351,14519,0.0983,0.0826,0.0157,0
2025-01-10,4.62,4.72,4.59,4.67,4.42,4.30,4.05,4.72,,4.1725,1,4.1380,1,20738,14556,0.1169,0.0895,0.0274,0
2025-01-13,4.74,4.81,4.71,4.78,4.46,4.32,4.06,4.71,,4.2851,1,4.1842,1,15122,14516,0.1389,0.0994,0.0395,0
2025-01-14,4.75,4.82,4.74,4.81,4.51,4.35,4.08,4.71,,4.3325,1,4.2465,1,21613,14699,0.1571,0.1109,0.0462,0
2025-01-15,4.76,4.78,4.66,4.71,4.55,4.37,4.09,4.70,,4.3325,1,4.3156,1,21752,14915,0.1614,0.1210,0.0404,0
2025-01-16,4.65,4.66,4.51,4.52,4.57,4.39,4.10,4.70,,4.3325,1,4.3764,1,11574,15002,0.1478,0.1263,0.0214,0
2025-01-17,4.31,4.39,4.24,4.29,4.54,4.40,4.11,4.69,,4.8216,0,4.8224,0,19297,15234,0.1165,0.1244,-0.0079,0
2025-01-21,4.06,4.07,3.99,4.03,4.51,4.40,4.11,4.69,,4.5765,0,4.8107,0,32440,15695,0.0700,0.1135,-0.0435,0
2025-01-22,3.97,4.05,3.96,3.97,4.47,4.40,4.12,4.68,,4.5205,0,4.7781,0,18041,15786,0.0283,0.0965,-0.0682,0
2025-01-23,4.06,4.18,4.06,4.17,4.43,4.40,4.12,4.67,,4.5205,0,4.7291,0,44012,16410,0.0110,0.0794,-0.0683,0
2025-01-24,4.11,4.12,4.01,4.03,4.40,4.40,4.13,4.67,,4.5205,0,4.6831,0,26097,16655,-0.0133,0.0608,-0.0741,0
2025-01-27,4.03,4.12,4.02,4.04,4.34,4.38,4.13,4.66,4.78,4.5205,0,4.6398,0,15409,16786,-0.0316,0.0423,-0.0739,0
2025-01-28,4.05,4.07,3.97,4.01,4.26,4.36,4.14,4.65,4.78,4.4999,0,4.5992,0,13199,16758,-0.0481,0.0243,-0.0723,0.00
2025-01-29,4.02,4.09,3.99,4.09,4.19,4.35,4.15,4.64,4.77,4.4986,0,4.5609,0,9544,16639,-0.0542,0.0086,-0.0627,0.00
2025-01-30,4.14,4.21,4.10,4.18,4.13,4.34,4.16,4.64,4.77,4.4986,0,4.5250,0,10765,16636,-0.0514,-0.0034,-0.0480,0.00
2025-01-31,4.19,4.24,4.14,4.18,4.10,4.33,4.17,4.63,4.77,4.4986,0,4.4912,0,13395,16630,-0.0486,-0.0125,-0.0362,0.00
2025-02-03,4.14,4.25,4.11,4.21,4.09,4.32,4.18,4.62,4.76,4.4986,0,4.4595,0,11865,16729,-0.0427,-0.0185,-0.0242,0.00
2025-02-04,4.18,4.41,4.14,4.38,4.13,4.32,4.19,4.61,4.76,4.4986,0,4.4297,0,12805,16762,-0.0244,-0.0197,-0.0047,0.00
2025-02-05,4.28,4.34,4.25,4.32,4.16,4.31,4.20,4.61,4.76,4.4986,0,4.4120,0,12334,16793,-0.0148,-0.0187,0.0039,0.00
2025-02-06,4.30,4.30,4.18,4.24,4.17,4.30,4.21,4.60,4.76,4.4986,0,4.4120,0,13428,16761,-0.0135,-0.0177,0.0042,0.00
2025-02-07,4.25,4.27,4.19,4.20,4.18,4.29,4.22,4.59,4.76,4.4986,0,4.3850,0,8045,16731,-0.0154,-0.0172,0.0018,0.00
2025-02-10,4.20,4.27,4.14,4.26,4.21,4.27,4.23,4.58,4.75,4.4986,0,4.3596,0,11911,16802,-0.0117,-0.0161,0.0044,0.00
2025-02-11,4.29,4.30,4.23,4.25,4.23,4.24,4.24,4.58,4.75,4.4986,0,4.3358,0,9325,16816,-0.0092,-0.0147,0.0055,0.00
2025-02-12,4.25,4.33,4.22,4.25,4.25,4.22,4.25,4.57,4.75,4.4986,0,3.9621,1,10966,16415,-0.0079,-0.0134,0.0055,0.00
2025-02-13,4.18,4.21,4.06,4.06,4.23,4.18,4.25,4.56,4.75,4.4986,0,3.9694,1,18599,16328,-0.0218,-0.0151,-0.0068,0.00
2025-02-14,4.14,4.18,4.03,4.04,4.22,4.16,4.25,4.56,4.74,4.4986,0,3.9765,1,14391,15998,-0.0338,-0.0188,-0.0150,0.00
2025-02-18,4.02,4.11,4.01,4.08,4.21,4.15,4.26,4.55,4.74,4.4676,0,3.9835,1,12250,15730,-0.0396,-0.0230,-0.0166,0.00
2025-02-19,4.06,4.07,4.00,4.03,4.17,4.15,4.26,4.54,4.73,4.4269,0,3.9903,1,10778,15350,-0.0475,-0.0279,-0.0196,0.00
2025-02-20,4.01,4.03,3.96,3.99,4.14,4.15,4.25,4.53,4.73,4.3644,0,4.3252,0,11290,15102,-0.0569,-0.0337,-0.0232,0.00
2025-02-21,4.05,4.06,3.96,3.99,4.11,4.14,4.25,4.53,4.72,4.3644,0,4.3178,0,8910,14882,-0.0636,-0.0397,-0.0240,0.00
2025-02-24,3.97,3.97,3.91,3.93,4.09,4.14,4.25,4.52,4.72,4.2935,0,4.3105,0,14779,14866,-0.0726,-0.0462,-0.0263,0.00
2025-02-25,3.91,3.92,3.86,3.87,4.05,4.13,4.24,4.51,4.71,4.2284,0,4.2947,0,12347,14679,-0.0838,-0.0538,-0.0300,0.00
2025-02-26,3.86,3.92,3.82,3.89,4.01,4.12,4.23,4.50,4.71,4.2057,0,4.2686,0,14097,14541,-0.0898,-0.0610,-0.0288,0.00
2025-02-27,3.43,3.53,3.27,3.32,3.92,4.08,4.21,4.49,4.70,3.8878,0,4.2327,0,62949,15471,-0.1387,-0.0765,-0.0622,0.00
2025-02-28,3.34,3.44,3.20,3.20,3.83,4.03,4.19,4.48,4.69,3.8283,0,4.1362,0,26228,15732,-0.1850,-0.0982,-0.0868,0.00
2025-03-03,3.28,3.29,3.16,3.19,3.75,3.99,4.17,4.47,4.68,3.7247,0,4.0234,0,22891,15979,-0.2203,-0.1226,-0.0977,0.00
2025-03-04,3.16,3.32,3.09,3.28,3.67,3.94,4.15,4.45,4.67,3.7247,0,3.9021,0,21649,16053,-0.2386,-0.1458,-0.0928,0.00
2025-03-05,3.41,3.45,3.38,3.38,3.60,3.89,4.14,4.44,4.66,3.7247,0,3.7716,0,17362,16135,-0.2420,-0.1651,-0.0770,0.00
2025-03-06,3.48,3.53,3.46,3.52,3.56,3.85,4.13,4.43,4.65,3.7247,0,3.6619,0,17441,16205,-0.2306,-0.1782,-0.0524,0.00
2025-03-07,3.51,3.56,3.50,3.50,3.51,3.81,4.12,4.42,4.64,3.7247,0,3.5697,0,11400,16189,-0.2210,-0.1867,-0.0343,0.00
2025-03-10,3.32,3.37,3.18,3.22,3.44,3.76,4.10,4.41,4.63,3.7247,0,3.5595,0,26449,16550,-0.2326,-0.1959,-0.0367,0.00
2025-03-11,3.30,3.37,3.28,3.37,3.39,3.72,4.08,4.40,4.62,3.7247,0,3.5595,0,19908,16698,-0.2276,-0.2023,-0.0254,0.00
2025-03-12,3.38,3.39,3.33,3.36,3.33,3.67,4.06,4.39,4.61,3.7247,0,3.4837,0,8264,16632,-0.2218,-0.2062,-0.0156,0.00
2025-03-13,3.42,3.46,3.38,3.40,3.34,3.63,4.04,4.38,4.60,3.7247,0,3.0860,1,5821,16537,-0.2114,-0.2072,-0.0042,0.00
2025-03-14,3.40,3.44,3.38,3.42,3.36,3.60,4.02,4.37,4.59,3.7247,0,3.0936,1,5626,16435,-0.1990,-0.2056,0.0066,0.00
2025-03-17,3.51,3.57,3.50,3.54,3.40,3.57,4.01,4.36,4.58,3.7247,0,3.1010,1,6245,16348,-0.1781,-0.2001,0.0220,0.00
2025-03-18,3.59,3.60,3.52,3.54,3.42,3.55,3.99,4.35,4.57,3.7247,0,3.1196,1,9187,16298,-0.1590,-0.1919,0.0328,0.00
2025-03-19,3.63,3.67,3.60,3.66,3.45,3.53,3.97,4.34,4.55,3.7247,0,3.1484,1,9961,16308,-0.1333,-0.1802,0.0468,0.00
2025-03-20,3.59,3.66,3.55,3.62,3.46,3.51,3.96,4.33,4.54,3.7247,0,3.1903,1,7233,16173,-0.1149,-0.1671,0.0522,0.00
2025-03-21,3.63,3.63,3.53,3.53,3.47,3.49,3.94,4.32,4.53,3.7247,0,3.2288,1,6089,15923,-0.1062,-0.1549,0.0488,0.00
2025-03-24,3.50,3.56,3.50,3.55,3.50,3.47,3.92,4.31,4.52,3.7247,0,3.2642,1,8749,15891,-0.0962,-0.1432,0.0470,0.00
2025-03-25,3.59,3.60,3.50,3.52,3.51,3.45,3.90,4.30,4.51,3.7247,0,3.2968,1,6248,15602,-0.0898,-0.1325,0.0427,0.00
2025-03-26,3.54,3.55,3.50,3.50,3.53,3.43,3.87,4.29,4.50,3.7247,0,3.3268,1,5541,15410,-0.0851,-0.1230,0.0379,0.00
2025-03-27,3.45,3.46,3.35,3.38,3.53,3.43,3.84,4.28,4.49,3.7247,0,3.6715,0,11421,15206,-0.0906,-0.1165,0.0259,10.01
2025-03-28,3.39,3.40,3.34,3.38,3.52,3.44,3.82,4.27,4.48,3.7094,0,3.6650,0,6979,14911,-0.0933,-0.1119,0.0186,10.96
2025-03-31,3.27,3.34,3.24,3.33,3.50,3.45,3.79,4.26,4.47,3.6353,0,3.6521,0,9011,14859,-0.0988,-0.1093,0.0105,10.50
2025-04-01,3.34,3.36,3.28,3.33,3.48,3.45,3.77,4.24,4.46,3.6353,0,3.6275,0,5717,14588,-0.1020,-0.1078,0.0058,11.15
2025-04-02,3.37,3.37,3.31,3.34,3.45,3.45,3.76,4.23,4.45,3.6353,0,3.6044,0,4141,14022,-0.1020,-0.1066,0.0046,10.39
2025-04-03,3.26,3.29,3.18,3.22,3.41,3.44,3.75,4.22,4.45,3.5729,0,3.5827,0,13986,13941,-0.1105,-0.1074,-0.0030,14.17
2025-04-04,3.00,3.02,2.89,2.92,3.35,3.41,3.72,4.20,4.44,3.3598,0,3.5507,0,13240,13325,-0.1401,-0.1139,-0.0261,12.61
2025-04-07,2.95,3.24,2.94,3.16,3.31,3.40,3.70,4.19,4.43,3.3598,0,3.4843,0,11756,13038,-0.1425,-0.1197,-0.0229,16.53
2025-04-08,3.17,3.18,3.03,3.05,3.26,3.39,3.68,4.17,4.42,3.3598,0,3.4246,0,9086,12912,-0.1518,-0.1261,-0.0257,17.76
2025-04-09,3.06,3.34,2.99,3.32,3.24,3.39,3.67,4.16,4.41,3.3598,0,3.3708,0,12731,12903,-0.1356,-0.1280,-0.0076,14.39
2025-04-10,3.23,3.26,3.13,3.20,3.23,3.38,3.65,4.15,4.40,3.3598,0,3.3435,0,11320,12938,-0.1309,-0.1286,-0.0023,15.62
2025-04-11,3.32,3.38,3.30,3.37,3.22,3.37,3.64,4.14,4.39,2.8123,1,2.8868,1,8637,12896,-0.1124,-0.1253,0.0130,17.70
2025-04-14,3.42,3.42,3.32,3.35,3.23,3.36,3.62,4.13,4.38,2.8660,1,2.8967,1,6803,12764,-0.0978,-0.1198,0.0220,18.01
2025-04-15,3.34,3.37,3.30,3.30,3.22,3.35,3.60,4.12,4.37,2.8660,1,2.9174,1,6320,12653,-0.0892,-0.1137,0.0245,18.81
2025-04-16,3.32,3.37,3.30,3.34,3.22,3.34,3.58,4.11,4.35,2.8875,1,2.9373,1,4336,12484,-0.0788,-0.1067,0.0279,22.78
2025-04-17,3.34,3.40,3.33,3.40,3.24,3.32,3.56,4.10,4.34,2.9405,1,2.9565,1,5063,12338,-0.0647,-0.0983,0.0336,26.75
2025-04-21,3.41,3.41,3.33,3.38,3.29,3.32,3.54,4.09,4.33,2.9660,1,2.9748,1,4241,12154,-0.0542,-0.0895,0.0353,28.96
2025-04-22,3.42,3.46,3.41,3.45,3.32,3.31,3.53,4.08,4.32,3.0487,1,2.9924,1,3688,12067,-0.0402,-0.0796,0.0394,26.06
2025-04-23,3.49,3.56,3.47,3.51,3.36,3.31,3.51,4.07,4.32,3.1328,1,3.0202,1,8446,11998,-0.0237,-0.0684,0.0447,27.43
2025-04-24,3.55,3.58,3.52,3.58,3.39,3.32,3.50,4.06,4.31,3.1871,1,3.0631,1,4921,11910,-0.0054,-0.0558,0.0504,26.90
2025-04-25,3.52,3.60,3.49,3.59,3.43,3.33,3.49,4.04,4.30,3.1871,1,3.1151,1,5002,11791,0.0103,-0.0426,0.0529,28.23
2025-04-28,3.56,3.67,3.56,3.65,3.45,3.34,3.48,4.03,4.29,3.2552,1,3.1727,1,9827,11615,0.0269,-0.0287,0.0556,27.84
2025-04-29,3.66,3.73,3.66,3.68,3.49,3.36,3.47,4.02,4.28,3.3522,1,3.2420,1,7926,11486,0.0422,-0.0145,0.0567,27.19
2025-04-30,3.64,3.74,3.62,3.71,3.53,3.38,3.46,4.02,4.28,3.3522,1,3.3208,1,6495,11371,0.0563,-0.0004,0.0566,28.49
2025-05-01,3.74,3.78,3.70,3.73,3.57,3.40,3.46,4.01,4.27,3.4045,1,3.3969,1,4796,11251,0.0679,0.0133,0.0546,27.61
2025-05-02,3.78,3.80,3.73,3.78,3.61,3.42,3.45,4.00,4.26,3.4404,1,3.4726,1,6340,11152,0.0801,0.0266,0.0534,25.82
2025-05-05,3.94,3.97,3.91,3.94,3.66,3.47,3.45,3.99,4.26,3.5911,1,3.5380,1,6784,11110,0.1014,0.0416,0.0598,35.63
2025-05-06,4.06,4.07,3.93,3.94,3.71,3.51,3.45,3.98,4.25,3.6428,1,3.6239,1,14918,11112,0.1170,0.0567,0.0604,36.24
2025-05-07,3.94,4.01,3.90,4.01,3.76,3.56,3.46,3.98,4.25,3.6428,1,3.7134,1,9463,11055,0.1337,0.0721,0.0616,40.52
2025-05-08,4.01,4.05,3.99,4.03,3.80,3.60,3.46,3.97,4.24,3.6864,1,3.7850,1,9629,10965,0.1471,0.0871,0.0600,38.19
2025-05-09,4.09,4.10,4.00,4.03,3.85,3.64,3.47,3.96,4.24,3.7171,1,3.8423,1,5912,9825,0.1559,0.1009,0.0551,39.10
2025-05-12,4.10,4.18,4.07,4.09,3.89,3.67,3.49,3.96,4.23,3.7838,1,3.8929,1,5461,9409,0.1655,0.1138,0.0518,33.06
2025-05-13,4.11,4.14,4.08,4.13,3.94,3.71,3.51,3.95,4.23,3.7847,1,3.9502,1,5880,9069,0.1744,0.1259,0.0485,36.91
2025-05-14,4.19,4.22,4.15,4.17,3.98,3.76,3.53,3.94,4.22,3.8626,1,3.9961,1,7318,8782,0.1825,0.1372,0.0453,40.50
2025-05-15,4.04,4.13,4.02,4.11,4.02,3.79,3.54,3.94,4.22,3.8626,1,4.2234,0,7537,8586,0.1823,0.1463,0.0361,34.53
2025-05-16,4.21,4.30,4.18,4.30,4.07,3.84,3.56,3.93,4.21,3.8859,1,4.0234,1,13639,8510,0.1954,0.1561,0.0393,40.33
2025-05-19,4.26,4.29,4.22,4.28,4.11,3.88,3.57,3.92,4.21,3.9029,1,4.0234,1,7569,8433,0.2015,0.1652,0.0364,40.06
2025-05-20,4.30,4.34,4.26,4.31,4.15,3.93,3.60,3.92,4.20,3.9577,1,4.0290,1,5191,8008,0.2066,0.1735,0.0331,43.50
2025-05-21,4.31,4.34,4.27,4.29,4.17,3.97,3.61,3.92,4.20,3.9803,1,4.0413,1,5470,7719,0.2063,0.1800,0.0263,48.72
2025-05-22,4.34,4.35,4.26,4.27,4.20,4.00,3.63,3.91,4.20,3.9899,1,4.0589,1,5202,7658,0.2025,0.1845,0.0180,52.46
2025-05-23,4.26,4.30,4.24,4.27,4.22,4.04,3.65,3.91,4.20,3.9899,1,4.0818,1,5797,7658,0.1974,0.1871,0.0103,53.51
2025-05-27,4.39,4.40,4.31,4.33,4.25,4.07,3.67,3.91,4.19,4.0472,1,4.1029,1,10461,7754,0.1958,0.1888,0.0069,65.09
2025-05-28,4.24,4.25,4.16,4.19,4.25,4.10,3.68,3.91,4.19,4.0472,1,4.1325,1,9646,7822,0.1810,0.1873,-0.0063,64.59
2025-05-29,4.24,4.26,4.17,4.20,4.26,4.12,3.69,3.90,4.19,4.0472,1,4.1580,1,6301,7765,0.1680,0.1834,-0.0154,64.82
2025-05-30,4.29,4.29,4.17,4.21,4.27,4.14,3.70,3.90,4.18,4.0472,1,4.1580,1,11203,7789,0.1566,0.1780,-0.0215,60.89
2025-06-02,4.18,4.27,4.17,4.27,4.26,4.17,3.72,3.90,4.18,4.0472,1,4.3991,0,7572,7796,0.1505,0.1725,-0.0220,62.79
2025-06-03,4.21,4.23,4.15,4.15,4.25,4.18,3.73,3.90,4.17,4.0472,1,4.3945,0,6508,7805,0.1347,0.1650,-0.0302,46.40
2025-06-04,4.17,4.26,4.15,4.20,4.24,4.19,3.74,3.90,4.17,4.0472,1,4.3847,0,8559,7801,0.1248,0.1569,-0.0321,51.58
2025-06-05,4.30,4.30,4.20,4.27,4.24,4.20,3.76,3.90,4.17,4.0472,1,4.3753,0,6385,7804,0.1209,0.1497,-0.0288,60.41
2025-06-06,4.32,4.43,4.25,4.37,4.25,4.22,3.78,3.90,4.16,4.0472,1,4.1496,1,4792,7789,0.1245,0.1447,-0.0202,54.47
2025-06-09,4.42,4.42,4.34,4.37,4.25,4.24,3.80,3.91,4.16,4.0472,1,4.1553,1,3611,7632,0.1258,0.1409,-0.0151,54.09
2025-06-10,4.29,4.31,4.23,4.25,4.25,4.25,3.81,3.91,4.15,4.0472,1,4.1608,1,4632,7585,0.1162,0.1360,-0.0198,43.93
2025-06-11,4.27,4.35,4.27,4.35,4.26,4.26,3.83,3.91,4.15,4.0472,1,4.1663,1,5283,7511,0.1152,0.1318,-0.0166,51.20
2025-06-12,4.41,4.50,4.41,4.45,4.29,4.27,3.86,3.91,4.15,4.1007,1,4.1716,1,8050,7557,0.1212,0.1297,-0.0085,55.57
2025-06-13,4.63,4.66,4.52,4.61,4.33,4.30,3.88,3.92,4.14,4.2066,1,4.1847,1,15950,7794,0.1370,0.1312,0.0059,66.27
2025-06-16,4.62,4.67,4.49,4.51,4.35,4.31,3.91,3.92,4.14,4.2066,1,4.2130,1,8788,7690,0.1399,0.1329,0.0070,55.93
2025-06-17,4.72,4.79,4.67,4.74,4.41,4.33,3.94,3.93,4.14,4.2912,1,4.2499,1,14044,7706,0.1592,0.1382,0.0210,69.63
2025-06-18,4.74,4.78,4.69,4.69,4.46,4.35,3.97,3.93,4.13,4.3113,1,4.3039,1,7117,7613,0.1685,0.1442,0.0242,68.87
2025-06-20,4.70,4.72,4.57,4.58,4.49,4.36,4.00,3.94,4.13,4.3113,1,4.3525,1,6177,7555,0.1652,0.1484,0.0168,65.75
2025-06-23,4.63,4.66,4.52,4.53,4.51,4.38,4.03,3.95,4.13,4.3113,1,4.3962,1,8927,7479,0.1568,0.1501,0.0067,60.65
2025-06-24,4.32,4.38,4.30,4.36,4.51,4.38,4.05,3.95,4.13,4.3113,1,4.7900,0,9383,7440,0.1345,0.1470,-0.0125,50.91
2025-06-25,4.31,4.36,4.30,4.35,4.52,4.38,4.07,3.96,4.12,4.3113,1,4.7802,0,6913,7405,0.1148,0.1405,-0.0257,54.62
2025-06-26,4.37,4.37,4.28,4.31,4.51,4.39,4.09,3.96,4.12,4.7332,0,4.7705,0,5267,7375,0.0948,0.1314,-0.0366,46.52
2025-06-27,4.25,4.27,4.20,4.22,4.49,4.39,4.11,3.96,4.12,4.6314,0,4.7510,0,7370,7396,0.0713,0.1194,-0.0480,45.87
2025-06-30,4.18,4.19,4.12,4.15,4.44,4.39,4.13,3.97,4.11,4.5451,0,4.7179,0,10686,7523,0.0462,0.1047,-0.0585,41.08
2025-07-01,4.10,4.17,4.07,4.16,4.41,4.38,4.14,3.97,4.11,4.5064,0,4.6699,0,7743,7576,0.0267,0.0891,-0.0625,40.93
2025-07-02,4.17,4.25,4.14,4.23,4.36,4.38,4.16,3.97,4.11,4.5064,0,4.6104,0,14150,7775,0.0170,0.0747,-0.0577,42.57
2025-07-03,4.28,4.32,4.25,4.32,4.32,4.39,4.17,3.97,4.10,4.5064,0,4.5568,0,6898,7839,0.0165,0.0631,-0.0465,50.17
2025-07-07,4.28,4.46,4.28,4.42,4.31,4.40,4.19,3.98,4.10,4.5064,0,4.5086,0,8212,7834,0.0240,0.0552,-0.0313,49.20
2025-07-08,4.37,4.42,4.33,4.34,4.29,4.40,4.21,3.98,4.09,4.5064,0,4.4652,0,8530,7906,0.0229,0.0488,-0.0259,43.61
2025-07-09,4.35,4.37,4.26,4.26,4.28,4.39,4.22,3.99,4.09,4.5064,0,4.4648,0,8135,7969,0.0151,0.0420,-0.0269,36.13
2025-07-10,4.26,4.37,4.25,4.32,4.27,4.40,4.24,3.99,4.08,4.5064,0,4.4258,0,7164,7916,0.0142,0.0365,-0.0223,39.66
2025-07-11,4.38,4.47,4.37,4.46,4.29,4.40,4.25,3.99,4.08,4.5064,0,4.0748,1,7465,7906,0.0239,0.0339,-0.0101,47.64
2025-07-14,4.41,4.43,4.35,4.36,4.30,4.40,4.26,3.99,4.08,4.5064,0,4.0828,1,3664,7850,0.0233,0.0318,-0.0086,46.51
2025-07-15,4.42,4.42,4.31,4.32,4.32,4.38,4.28,4.00,4.07,4.5064,0,4.0906,1,3785,7830,0.0192,0.0293,-0.0101,53.49
2025-07-16,4.31,4.34,4.30,4.32,4.34,4.37,4.29,4.00,4.07,4.5064,0,4.0983,1,3595,7775,0.0164,0.0267,-0.0103,53.19
2025-07-17,4.28,4.37,4.26,4.36,4.35,4.35,4.29,4.00,4.07,4.5064,0,4.1058,1,3119,7701,0.0168,0.0247,-0.0080,53.34
2025-07-18,4.41,4.43,4.34,4.34,4.35,4.34,4.30,4.00,4.06,4.5064,0,4.1132,1,3344,7470,0.0155,0.0229,-0.0074,48.82
2025-07-21,4.33,4.38,4.32,4.37,4.34,4.33,4.31,4.00,4.06,4.5064,0,4.1204,1,10806,7497,0.0163,0.0216,-0.0053,52.39
2025-07-22,4.44,4.48,4.42,4.46,4.36,4.32,4.32,4.00,4.06,4.5064,0,4.1274,1,3342,7371,0.0241,0.0221,0.0020,55.85
2025-07-23,4.57,4.65,4.56,4.62,4.39,4.33,4.33,4.00,4.05,4.2542,1,4.1416,1,4961,7352,0.0425,0.0261,0.0163,62.04
2025-07-24,4.63,4.65,4.60,4.61,4.42,4.35,4.34,4.01,4.05,4.2956,1,4.1721,1,3197,7307,0.0557,0.0321,0.0237,61.96
2025-07-25,4.62,4.62,4.57,4.59,4.43,4.36,4.35,4.01,4.05,4.2956,1,4.2006,1,2127,7232,0.0642,0.0385,0.0257,58.77
2025-07-28,4.66,4.72,4.64,4.71,4.47,4.39,4.36,4.01,4.05,4.3616,1,4.2275,1,5470,7195,0.0793,0.0467,0.0327,64.32
2025-07-29,4.70,4.74,4.63,4.68,4.50,4.41,4.37,4.02,4.04,4.3672,1,4.2669,1,4766,7139,0.0883,0.0550,0.0333,63.67
2025-07-30,4.54,4.68,4.50,4.62,4.53,4.44,4.38,4.02,4.04,4.3672,1,4.3142,1,8738,7041,0.0897,0.0619,0.0278,61.32
2025-07-31,4.57,4.64,4.56,4.57,4.56,4.45,4.38,4.03,4.04,4.3672,1,4.3568,1,7309,7036,0.0858,0.0667,0.0191,65.39
2025-08-01,4.60,4.62,4.50,4.55,4.58,4.46,4.39,4.03,4.04,4.3672,1,4.3951,1,5715,7047,0.0798,0.0693,0.0105,62.28
2025-08-04,4.62,4.72,4.62,4.69,4.61,4.48,4.40,4.03,4.04,4.3672,1,4.4296,1,4140,7020,0.0854,0.0725,0.0129,66.20
2025-08-05,4.86,4.95,4.84,4.94,4.66,4.51,4.41,4.03,4.04,4.4967,1,4.4607,1,14289,7202,0.1088,0.0798,0.0290,73.34
2025-08-06,4.94,4.97,4.83,4.83,4.68,4.54,4.42,4.04,4.04,4.5021,1,4.5191,1,13333,7352,0.1172,0.0873,0.0299,71.21
2025-08-07,4.78,4.82,4.67,4.68,4.69,4.55,4.43,4.04,4.04,4.5021,1,4.5825,1,9435,7332,0.1105,0.0919,0.0186,66.89
2025-08-08,4.77,4.77,4.57,4.58,4.69,4.56,4.44,4.04,4.04,4.5021,1,4.9721,0,8202,7303,0.0961,0.0927,0.0033,63.28
2025-08-11,4.53,4.56,4.41,4.45,4.66,4.56,4.44,4.04,4.04,4.9229,0,4.9640,0,9585,7369,0.0730,0.0888,-0.0158,58.50
2025-08-12,4.45,4.52,4.44,4.48,4.64,4.57,4.45,4.04,4.04,4.8945,0,4.9418,0,3793,7220,0.0568,0.0824,-0.0256,54.17
2025-08-13,4.49,4.52,4.46,4.52,4.63,4.58,4.45,4.04,4.04,4.8880,0,4.9204,0,3821,7145,0.0461,0.0752,-0.0290,51.40
2025-08-14,4.57,4.57,4.47,4.51,4.62,4.59,4.46,4.04,4.04,4.8880,0,4.8999,0,5399,7123,0.0365,0.0674,-0.0309,49.54
2025-08-15,4.47,4.52,4.43,4.51,4.62,4.60,4.47,4.04,4.04,4.8482,0,4.8802,0,5573,7064,0.0286,0.0597,-0.0310,53.19
2025-08-18,4.50,4.65,4.49,4.60,4.61,4.61,4.47,4.04,4.04,4.8482,0,4.8613,0,7292,7082,0.0294,0.0536,-0.0242,56.07
2025-08-19,4.60,4.63,4.56,4.57,4.57,4.62,4.48,4.04,4.05,4.8482,0,4.8431,0,8606,7158,0.0277,0.0484,-0.0208,55.58
2025-08-20,4.60,4.67,4.59,4.64,4.55,4.62,4.48,4.04,4.05,4.8482,0,4.8257,0,3932,7164,0.0313,0.0450,-0.0137,59.37
2025-08-21,4.75,4.89,4.74,4.89,4.57,4.63,4.49,4.04,4.05,4.4153,1,4.4074,1,7806,7228,0.0537,0.0467,0.0070,71.33
2025-08-22,4.92,4.99,4.91,4.97,4.61,4.65,4.51,4.04,4.06,4.5584,1,4.4171,1,7107,7264,0.0773,0.0529,0.0244,72.09
2025-08-25,4.99,5.01,4.88,4.91,4.66,4.66,4.52,4.05,4.06,4.5584,1,4.4400,1,5495,7213,0.0902,0.0603,0.0299,72.43
2025-08-26,4.86,4.89,4.81,4.86,4.70,4.67,4.52,4.05,4.07,4.5584,1,4.4742,1,8149,7057,0.0947,0.0672,0.0275,68.14
2025-08-27,4.81,5.08,4.79,5.02,4.75,4.69,4.53,4.06,4.07,4.5584,1,4.5064,1,15243,7186,0.1104,0.0758,0.0345,71.29
2025-08-28,5.11,5.12,5.03,5.11,4.81,4.72,4.54,4.07,4.08,4.6580,1,4.5523,1,7137,7048,0.1280,0.0863,0.0418,69.05
2025-08-29,5.11,5.14,5.05,5.10,4.87,4.74,4.55,4.07,4.09,4.6891,1,4.6094,1,8127,7068,0.1398,0.0970,0.0428,72.88
2025-09-02,5.08,5.10,5.03,5.09,4.92,4.76,4.56,4.08,4.09,4.6891,1,4.6730,1,6701,7079,0.1467,0.1069,0.0398,74.32
2025-09-03,5.15,5.26,5.11,5.25,4.98,4.78,4.57,4.09,4.10,4.7854,1,4.7289,1,11366,7128,0.1631,0.1181,0.0449,74.36
2025-09-04,5.10,5.21,5.03,5.14,5.03,4.79,4.59,4.10,4.11,4.7854,1,4.8027,1,7734,7095,0.1653,0.1276,0.0377,69.39
2025-09-05,5.10,5.14,5.08,5.12,5.06,4.82,4.60,4.10,4.12,4.7854,1,4.8661,1,5135,7059,0.1638,0.1348,0.0290,67.72
2025-09-08,5.27,5.37,5.21,5.35,5.09,4.85,4.62,4.11,4.13,4.8571,1,4.9206,1,10437,7163,0.1790,0.1437,0.0354,76.10
2025-09-09,5.43,5.45,5.24,5.25,5.13,4.89,4.64,4.12,4.13,4.8972,1,4.9920,1,6848,7152,0.1808,0.1511,0.0297,73.79
2025-09-10,5.20,5.27,5.18,5.21,5.16,4.93,4.67,4.12,4.14,4.8972,1,5.0748,1,6236,7063,0.1774,0.1564,0.0211,71.06
2025-09-11,5.15,5.21,5.07,5.13,5.17,4.96,4.68,4.13,4.15,4.8972,1,5.4517,0,13065,7170,0.1660,0.1583,0.0077,61.18
2025-09-12,5.24,5.30,5.15,5.15,5.18,4.99,4.70,4.13,4.15,4.8972,1,5.4440,0,6813,7023,0.1565,0.1579,-0.0014,66.52
2025-09-15,5.27,5.38,5.26,5.35,5.20,5.04,4.72,4.14,4.16,4.8972,1,5.4364,0,7627,7037,0.1635,0.1590,0.0045,69.10
2025-09-16,5.36,5.38,5.33,5.37,5.23,5.07,4.74,4.15,4.17,4.9210,1,5.4290,0,6589,7005,0.1685,0.1609,0.0076,70.95
2025-09-17,5.39,5.42,5.35,5.38,5.24,5.11,4.76,4.16,4.18,4.9664,1,5.4217,0,5639,6947,0.1718,0.1631,0.0087,70.99
2025-09-18,5.40,5.40,5.29,5.32,5.26,5.15,4.78,4.16,4.19,4.9664,1,5.4178,0,6613,6917,0.1678,0.1640,0.0037,68.22
2025-09-19,5.25,5.25,5.13,5.13,5.26,5.16,4.80,4.17,4.19,4.9664,1,5.4178,0,6312,6900,0.1471,0.1607,-0.0136,67.18
2025-09-22,5.17,5.19,5.14,5.19,5.25,5.17,4.82,4.18,4.20,4.9664,1,5.4107,0,4870,6848,0.1340,0.1553,-0.0214,67.15
2025-09-23,5.18,5.34,5.18,5.24,5.25,5.19,4.83,4.19,4.20,4.9664,1,5.4038,0,13736,7049,0.1262,0.1495,-0.0233,70.14
2025-09-24,5.27,5.32,5.23,5.25,5.25,5.21,4.85,4.20,4.21,4.9664,1,5.3971,0,4033,7054,0.1194,0.1435,-0.0241,71.16
2025-09-25,5.25,5.29,5.22,5.25,5.26,5.22,4.87,4.20,4.22,4.9664,1,5.3905,0,4537,7073,0.1126,0.1373,-0.0247,74.57
2025-09-26,5.24,5.31,5.24,5.28,5.28,5.23,4.89,4.21,4.22,4.9664,1,5.3840,0,6600,7143,0.1088,0.1316,-0.0228,73.51
2025-09-29,5.23,5.24,5.07,5.08,5.25,5.23,4.90,4.22,4.23,4.9664,1,5.3776,0,6552,7207,0.0883,0.1229,-0.0346,68.94
2025-09-30,5.10,5.13,5.07,5.08,5.22,5.23,4.92,4.23,4.23,4.9664,1,5.3714,0,4504,7081,0.0713,0.1126,-0.0413,66.46
2025-10-01,5.20,5.30,5.20,5.27,5.21,5.23,4.93,4.24,4.23,4.9664,1,5.3653,0,8539,7185,0.0727,0.1046,-0.0320,69.10
2025-10-02,5.24,5.31,5.21,5.25,5.20,5.23,4.95,4.25,4.24,4.9664,1,5.3593,0,8273,7251,0.0709,0.0979,-0.0270,69.37
2025-10-03,5.33,5.40,5.31,5.40,5.23,5.25,4.96,4.26,4.25,4.9664,1,5.0659,1,6355,7314,0.0809,0.0945,-0.0136,74.06
2025-10-06,5.33,5.39,5.26,5.26,5.24,5.24,4.98,4.28,4.25,4.9664,1,5.0726,1,3920,7350,0.0763,0.0908,-0.0146,70.12
2025-10-07,5.17,5.17,5.06,5.07,5.22,5.23,4.98,4.29,4.26,4.9664,1,5.4008,0,4605,7333,0.0569,0.0840,-0.0271,66.61
2025-10-08,5.08,5.08,4.96,5.01,5.19,5.22,4.99,4.30,4.26,4.9664,1,5.3940,0,3739,7312,0.0363,0.0745,-0.0382,67.38
2025-10-09,5.00,5.04,4.96,5.00,5.17,5.22,5.00,4.31,4.27,4.9664,1,5.3767,0,5140,7240,0.0192,0.0634,-0.0443,69.64
2025-10-10,4.93,5.02,4.87,4.87,5.13,5.20,5.00,4.32,4.27,5.3452,0,5.3514,0,4531,7185,-0.0053,0.0497,-0.0550,70.89
2025-10-13,4.93,4.99,4.87,4.93,5.11,5.18,5.01,4.33,4.27,5.3237,0,5.3126,0,6775,7206,-0.0198,0.0358,-0.0555,69.39
2025-10-14,4.73,4.73,4.65,4.71,5.08,5.15,5.01,4.34,4.28,5.1316,0,5.2680,0,7255,7268,-0.0477,0.0191,-0.0668,62.55
2025-10-15,4.82,4.90,4.82,4.89,5.04,5.12,5.01,4.35,4.28,5.1316,0,5.1941,0,3993,7062,-0.0549,0.0043,-0.0592,67.50
2025-10-16,4.96,5.05,4.95,4.98,5.01,5.11,5.01,4.36,4.28,5.1316,0,5.1291,0,4749,6890,-0.0531,-0.0072,-0.0459,71.09
2025-10-17,4.93,5.01,4.90,5.00,4.97,5.10,5.02,4.37,4.28,5.1316,0,5.0719,0,4793,6798,-0.0491,-0.0156,-0.0335,70.63
2025-10-20,5.04,5.11,5.00,5.02,4.95,5.09,5.03,4.38,4.29,5.1316,0,4.6522,1,4113,6716,-0.0440,-0.0213,-0.0228,67.73
2025-10-21,5.00,5.00,4.93,4.94,4.94,5.08,5.04,4.39,4.29,5.1316,0,4.6613,1,4056,6605,-0.0456,-0.0261,-0.0195,65.69
2025-10-22,4.96,5.10,4.96,5.10,4.94,5.07,5.05,4.40,4.29,5.1316,0,4.6702,1,4899,6627,-0.0342,-0.0278,-0.0065,69.16
2025-10-23,5.32,5.45,5.29,5.40,4.98,5.08,5.07,4.41,4.30,4.8806,1,4.6790,1,13348,6818,-0.0005,-0.0223,0.0218,74.18
2025-10-24,5.32,5.36,5.24,5.24,5.02,5.07,5.08,4.42,4.30,4.8806,1,4.7097,1,5021,6810,0.0130,-0.0152,0.0283,72.86
2025-10-27,5.27,5.28,5.22,5.26,5.05,5.08,5.10,4.44,4.31,4.8806,1,4.7392,1,4482,6789,0.0249,-0.0072,0.0321,71.46
2025-10-28,5.29,5.44,5.27,5.38,5.12,5.10,5.11,4.45,4.31,4.8890,1,4.7676,1,6627,6775,0.0440,0.0030,0.0410,74.18
2025-10-29,5.38,5.46,5.34,5.36,5.17,5.10,5.13,4.46,4.31,4.9457,1,4.7948,1,5915,6721,0.0564,0.0137,0.0427,74.29
2025-10-30,5.39,5.42,5.34,5.37,5.21,5.11,5.14,4.47,4.32,4.9507,1,4.8344,1,5072,6744,0.0662,0.0242,0.0420,74.37
2025-10-31,5.35,5.39,5.27,5.39,5.25,5.11,5.15,4.49,4.32,4.9507,1,4.8717,1,4587,6680,0.0752,0.0344,0.0408,75.01
2025-11-03,5.38,5.39,5.32,5.33,5.28,5.11,5.16,4.50,4.32,4.9507,1,4.9068,1,5187,6641,0.0766,0.0428,0.0337,75.12
2025-11-04,5.17,5.21,5.11,5.19,5.30,5.12,5.17,4.51,4.33,4.9507,1,4.9397,1,3551,6603,0.0653,0.0473,0.0180,75.65
2025-11-05,5.17,5.24,5.15,5.24,5.32,5.13,5.17,4.53,4.33,4.9507,1,4.9707,1,3795,6515,0.0598,0.0498,0.0100,75.31
2025-11-06,5.15,5.32,5.15,5.24,5.30,5.14,5.18,4.54,4.34,4.9507,1,4.9998,1,20613,6623,0.0548,0.0508,0.0040,77.05
2025-11-07,5.21,5.28,5.15,5.24,5.30,5.16,5.18,4.55,4.35,4.9507,1,5.0272,1,11473,6710,0.0503,0.0507,-0.0004,75.95
2025-11-10,5.27,5.33,5.24,5.33,5.31,5.18,5.19,4.57,4.35,4.9507,1,5.0529,1,6979,6687,0.0536,0.0513,0.0023,76.07
2025-11-11,5.35,5.43,5.35,5.38,5.31,5.21,5.19,4.58,4.36,4.9965,1,5.0771,1,7167,6696,0.0596,0.0530,0.0067,77.05
2025-11-12,5.43,5.47,5.41,5.45,5.32,5.24,5.20,4.60,4.37,5.0592,1,5.0998,1,5003,6569,0.0691,0.0562,0.0129,77.79
2025-11-13,5.46,5.54,5.43,5.44,5.32,5.27,5.20,4.61,4.37,5.1133,1,5.1293,1,5972,6533,0.0750,0.0600,0.0151,79.39
2025-11-14,5.38,5.54,5.32,5.50,5.34,5.29,5.21,4.63,4.38,5.1133,1,5.1700,1,4311,6517,0.0836,0.0647,0.0189,81.35
2025-11-17,5.51,5.58,5.50,5.54,5.36,5.32,5.21,4.64,4.39,5.1567,1,5.2140,1,5544,6419,0.0920,0.0701,0.0219,83.09
2025-11-18,5.42,5.63,5.40,5.60,5.40,5.35,5.22,4.66,4.39,5.1567,1,5.2651,1,8055,6443,0.1023,0.0766,0.0257,84.26
2025-11-19,5.42,5.51,5.38,5.47,5.42,5.37,5.22,4.67,4.40,5.1567,1,5.3234,1,7256,6464,0.0991,0.0811,0.0180,81.47
2025-11-20,5.49,5.54,5.32,5.34,5.43,5.36,5.23,4.68,4.40,5.1567,1,5.6297,0,7365,6350,0.0853,0.0819,0.0034,82.11
2025-11-21,5.35,5.47,5.32,5.44,5.45,5.37,5.24,4.70,4.41,5.1567,1,5.6236,0,6263,6339,0.0816,0.0819,-0.0003,78.56
2025-11-24,5.30,5.34,5.17,5.24,5.44,5.37,5.23,4.71,4.42,5.1567,1,5.6113,0,10694,6400,0.0616,0.0778,-0.0162,74.53
2025-11-25,5.03,5.08,4.99,5.04,5.41,5.36,5.23,4.72,4.42,5.5544,0,5.5850,0,11205,6492,0.0296,0.0682,-0.0386,68.16
2025-11-26,5.06,5.12,5.03,5.05,5.37,5.34,5.22,4.73,4.42,5.5544,0,5.5370,0,6700,6514,0.0049,0.0555,-0.0506,64.12
2025-11-28,5.09,5.12,5.06,5.08,5.33,5.33,5.21,4.74,4.43,5.5544,0,5.4929,0,5277,6487,-0.0125,0.0419,-0.0544,62.65
2025-12-01,4.96,5.02,4.90,4.92,5.27,5.30,5.21,4.75,4.43,5.4319,0,5.4523,0,11347,6587,-0.0388,0.0258,-0.0646,60.82
2025-12-02,4.99,5.02,4.89,4.98,5.22,5.29,5.21,4.76,4.44,5.4201,0,5.3971,0,8244,6655,-0.0543,0.0098,-0.0640,63.77
2025-12-03,5.08,5.13,5.02,5.05,5.16,5.28,5.20,4.77,4.44,5.4201,0,5.3365,0,8625,6553,-0.0597,-0.0041,-0.0555,61.32
2025-12-04,5.04,5.07,5.02,5.05,5.12,5.27,5.20,4.78,4.45,5.4201,0,5.2832,0,5653,6585,-0.0632,-0.0159,-0.0473,60.19
2025-12-05,5.05,5.10,5.04,5.05,5.09,5.26,5.19,4.78,4.45,5.4201,0,5.2362,0,6675,6628,-0.0653,-0.0258,-0.0395,57.86
2025-12-08,5.04,5.10,4.99,5.00,5.05,5.25,5.19,4.79,4.46,5.4201,0,5.1949,0,7189,6640,-0.0702,-0.0347,-0.0355,60.23
2025-12-09,5.00,5.01,4.92,4.97,5.02,5.23,5.19,4.80,4.46,5.3546,0,5.1586,0,5524,6619,-0.0755,-0.0429,-0.0327,57.03
2025-12-10,4.94,4.95,4.84,4.92,5.01,5.21,5.18,4.80,4.47,5.2824,0,5.1266,0,6659,6662,-0.0830,-0.0509,-0.0321,49.76
2025-12-11,4.94,4.97,4.90,4.94,5.00,5.18,5.18,4.81,4.47,5.2824,0,5.0863,0,5785,6607,-0.0866,-0.0580,-0.0285,47.42
2025-12-12,4.90,4.93,4.86,4.87,4.98,5.15,5.17,4.82,4.48,5.2530,0,5.0517,0,10700,6656,-0.0939,-0.0652,-0.0287,48.06
2025-12-15,4.83,4.89,4.80,4.88,4.97,5.12,5.16,4.82,4.49,5.1920,0,5.0219,0,5323,6635,-0.0979,-0.0717,-0.0261,52.77
2025-12-16,4.82,4.83,4.79,4.80,4.95,5.09,5.15,4.83,4.50,5.1500,0,4.9870,0,6807,6693,-0.1061,-0.0786,-0.0275,51.81
2025-12-17,4.85,4.90,4.80,4.86,4.94,5.05,5.15,4.83,4.50,5.1500,0,4.9510,0,4059,6682,-0.1065,-0.0842,-0.0223,54.52
2025-12-18,4.83,4.84,4.70,4.73,4.90,5.01,5.14,4.83,4.51,5.1204,0,4.9214,0,4941,6706,-0.1160,-0.0906,-0.0255,48.23
2025-12-19,4.67,4.68,4.62,4.68,4.87,4.98,5.13,4.84,4.52,4.9952,0,4.8954,0,6867,6740,-0.1263,-0.0977,-0.0286,48.31
2025-12-22,4.64,4.70,4.60,4.62,4.83,4.94,5.13,4.84,4.52,4.9872,0,4.8415,0,4889,6748,-0.1378,-0.1057,-0.0321,43.94
2025-12-23,4.61,4.63,4.58,4.63,4.79,4.91,5.12,4.84,4.53,4.9298,0,4.7931,0,3324,6679,-0.1445,-0.1135,-0.0310,46.42
2025-12-24,4.63,4.63,4.58,4.62,4.76,4.88,5.12,4.84,4.54,4.9133,0,4.7510,0,1192,6557,-0.1488,-0.1206,-0.0283,43.67
2025-12-26,4.63,4.67,4.58,4.67,4.73,4.87,5.12,4.85,4.54,4.9133,0,4.7172,0,2317,6524,-0.1464,-0.1257,-0.0206,42.66
2025-12-29,4.66,4.69,4.63,4.67,4.71,4.85,5.11,4.85,4.55,4.9133,0,4.6903,0,4695,6523,-0.1427,-0.1291,-0.0136,39.83
2025-12-30,4.70,4.70,4.63,4.63,4.69,4.83,5.10,4.85,4.55,4.9133,0,4.5823,1,3907,6505,-0.1411,-0.1315,-0.0096,41.19
2025-12-31,4.64,4.66,4.61,4.63,4.67,4.81,5.10,4.85,4.56,4.9060,0,4.5848,1,3759,6498,-0.1381,-0.1328,-0.0053,40.24
2026-01-02,4.61,4.61,4.50,4.53,4.64,4.79,5.09,4.86,4.57,4.8382,0,4.7041,0,4572,6508,-0.1426,-0.1348,-0.0078,37.71
2026-01-05,4.59,4.65,4.55,4.56,4.62,4.76,5.08,4.86,4.57,4.8382,0,4.6999,0,8797,6586,-0.1417,-0.1362,-0.0055,43.24
2026-01-06,4.63,4.71,4.62,4.63,4.62,4.74,5.06,4.86,4.57,4.8382,0,4.4954,1,6295,6445,-0.1338,-0.1357,0.0019,46.59
2026-01-07,4.76,4.93,4.74,4.91,4.65,4.74,5.05,4.87,4.58,4.4724,1,4.4997,1,11065,6566,-0.1039,-0.1293,0.0254,57.23
2026-01-08,5.04,5.06,4.94,5.05,4.69,4.74,5.05,4.87,4.59,4.6276,1,4.5170,1,6892,6614,-0.0682,-0.1171,0.0489,57.90
2026-01-09,5.01,5.03,4.94,4.97,4.73,4.74,5.04,4.88,4.60,4.6276,1,4.5496,1,10339,6688,-0.0457,-0.1028,0.0571,56.83
2026-01-12,4.96,4.96,4.88,4.90,4.75,4.74,5.03,4.88,4.60,4.6276,1,4.5802,1,5116,6672,-0.0331,-0.0889,0.0558,57.39
2026-01-13,5.05,5.20,5.05,5.14,4.80,4.76,5.03,4.88,4.61,4.7116,1,4.6091,1,10813,6787,-0.0041,-0.0719,0.0678,63.16
2026-01-14,5.20,5.28,5.17,5.20,4.85,4.77,5.02,4.89,4.62,4.8133,1,4.6560,1,9273,6881,0.0235,-0.0529,0.0763,60.72
2026-01-15,5.12,5.12,4.99,5.07,4.90,4.79,5.02,4.90,4.63,4.8133,1,4.7182,1,13088,7039,0.0344,-0.0354,0.0698,53.25
2026-01-16,5.14,5.19,5.08,5.10,4.96,4.80,5.02,4.90,4.64,4.8133,1,4.7741,1,6193,7092,0.0454,-0.0192,0.0646,56.05
2026-01-20,5.05,5.06,4.96,5.00,5.00,4.81,5.01,4.90,4.65,4.8133,1,4.8245,1,4396,7104,0.0451,-0.0064,0.0515,53.27
2026-01-21,5.00,5.05,4.94,5.04,5.04,4.83,5.01,4.91,4.66,4.8133,1,4.8699,1,6283,6817,0.0479,0.0045,0.0434,47.71
2026-01-22,5.04,5.04,4.90,4.93,5.04,4.85,5.00,4.91,4.67,4.8133,1,5.2780,0,5960,6707,0.0405,0.0117,0.0288,40.33
2026-01-23,4.96,5.03,4.96,4.99,5.04,4.86,5.00,4.91,4.68,4.8133,1,5.2703,0,5233,6672,0.0391,0.0172,0.0219,45.74
2026-01-26,5.06,5.10,4.99,4.99,5.04,4.88,4.99,4.91,4.69,4.8133,1,5.2628,0,5908,6647,0.0376,0.0212,0.0163,45.10
2026-01-27,5.04,5.14,5.04,5.10,5.06,4.90,4.98,4.92,4.69,4.8133,1,5.2555,0,6333,6674,0.0449,0.0260,0.0189,45.17
2026-01-28,5.20,5.28,5.16,5.24,5.07,4.93,4.98,4.92,4.70,4.8133,1,4.8954,1,8297,6720,0.0613,0.0330,0.0283,49.83
2026-01-29,5.40,5.43,5.23,5.30,5.08,4.97,4.97,4.93,4.71,4.8938,1,4.9030,1,8288,6800,0.0776,0.0420,0.0356,50.32
2026-01-30,5.30,5.36,5.29,5.34,5.10,5.00,4.97,4.94,4.72,4.9107,1,4.9241,1,6243,6814,0.0929,0.0522,0.0408,56.53
2026-02-02,5.22,5.32,5.20,5.30,5.12,5.04,4.96,4.94,4.73,4.9107,1,4.9443,1,6234,6777,0.1004,0.0618,0.0386,55.22
2026-02-03,5.36,5.42,5.30,5.39,5.16,5.08,4.96,4.95,4.74,4.9476,1,4.9638,1,7820,6788,0.1128,0.0720,0.0408,58.42
2026-02-04,5.30,5.33,5.22,5.31,5.19,5.11,4.96,4.96,4.75,4.9476,1,4.9824,1,7473,6791,0.1149,0.0806,0.0343,56.58
2026-02-05,5.21,5.34,5.20,5.30,5.23,5.13,4.96,4.97,4.76,4.9476,1,5.0003,1,10584,6877,0.1146,0.0874,0.0272,55.87
2026-02-06,5.30,5.43,5.30,5.43,5.27,5.15,4.96,4.97,4.77,4.9476,1,5.0175,1,5630,6776,0.1228,0.0945,0.0283,55.87
2026-02-09,5.61,5.72,5.60,5.67,5.34,5.19,4.97,4.98,4.78,5.1899,1,5.0425,1,10564,6763,0.1472,0.1050,0.0422,61.70
2026-02-10,5.69,5.72,5.63,5.67,5.39,5.23,4.99,4.99,4.79,5.2302,1,5.0969,1,7254,6774,0.1646,0.1169,0.0477,60.91
2026-02-11,5.74,5.84,5.69,5.76,5.45,5.26,5.00,5.00,4.81,5.3111,1,5.1468,1,7148,6811,0.1841,0.1304,0.0537,63.27
2026-02-12,5.83,5.87,5.68,5.70,5.49,5.28,5.02,5.01,4.82,5.3111,1,5.2160,1,5822,6701,0.1923,0.1428,0.0496,67.74
2026-02-13,5.68,5.85,5.68,5.85,5.54,5.32,5.03,5.02,4.83,5.3111,1,5.2944,1,4666,6629,0.2084,0.1559,0.0525,69.84
2026-02-17,5.82,5.84,5.72,5.83,5.59,5.36,5.05,5.03,4.84,5.3189,1,5.3634,1,4173,6540,0.2172,0.1682,0.0491,68.19
2026-02-18,5.95,6.10,5.92,6.03,5.66,5.41,5.07,5.04,4.85,5.5148,1,5.4241,1,10788,6643,0.2376,0.1821,0.0556,71.26
2026-02-19,6.16,6.23,6.13,6.22,5.75,5.47,5.09,5.05,4.86,5.6754,1,5.5193,1,7814,6666,0.2655,0.1987,0.0667,74.30
2026-02-20,6.26,6.37,6.25,6.37,5.85,5.54,5.12,5.07,4.87,5.8084,1,5.6337,1,6873,6659,0.2967,0.2183,0.0784,74.31
2026-02-23,6.16,6.36,6.16,6.31,5.94,5.61,5.15,5.08,4.88,5.8084,1,5.7669,1,14875,6847,0.3130,0.2373,0.0757,76.67
2026-02-24,6.35,6.37,6.30,6.33,6.01,5.67,5.17,5.09,4.90,5.8508,1,5.8761,1,6829,6850,0.3236,0.2545,0.0690,78.32
2026-02-25,6.34,6.35,6.25,6.31,6.07,5.73,5.20,5.10,4.91,5.8508,1,5.9656,1,10443,6943,0.3268,0.2690,0.0578,78.43
2026-02-26,6.45,6.58,6.40,6.47,6.14,5.80,5.23,5.12,4.92,5.9866,1,6.0390,1,10879,6947,0.3380,0.2828,0.0552,79.85
2026-02-27,6.50,6.72,6.38,6.69,6.24,5.86,5.27,5.13,4.93,5.9911,1,6.1477,1,16249,7165,0.3604,0.2983,0.0621,82.74
2026-03-02,6.83,6.86,6.63,6.76,6.33,5.94,5.31,5.15,4.95,6.1724,1,6.2615,1,32430,7678,0.3793,0.3145,0.0648,84.35
2026-03-03,6.70,6.92,6.60,6.78,6.43,6.01,5.35,5.16,4.96,6.1724,1,6.3770,1,28810,8173,0.3919,0.3300,0.0619,84.91
2026-03-04,6.80,6.91,6.77,6.83,6.51,6.08,5.39,5.17,4.97,6.2525,1,6.4850,1,12593,8326,0.4014,0.3443,0.0572,84.54
2026-03-05,6.78,6.80,6.56,6.67,6.55,6.15,5.43,5.19,4.98,6.2525,1,6.9170,0,19529,8579,0.3913,0.3537,0.0376,84.05
2026-03-06,6.65,6.85,6.58,6.79,6.59,6.22,5.47,5.20,5.00,6.2525,1,6.9098,0,26645,9014,0.3888,0.3607,0.0281,86.79
2026-03-09,6.60,6.88,6.57,6.79,6.64,6.29,5.52,5.22,5.01,6.2525,1,6.9028,0,23786,9423,0.3816,0.3649,0.0168,85.96
2026-03-10,6.82,6.91,6.74,6.82,6.69,6.35,5.56,5.23,5.02,6.2525,1,6.5596,1,18571,9771,0.3746,0.3668,0.0078,85.78
2026-03-11,6.69,6.69,6.50,6.55,6.71,6.39,5.60,5.24,5.03,6.2525,1,6.9130,0,18380,10092,0.3430,0.3621,-0.0190,84.16
2026-03-12,6.28,6.31,6.02,6.06,6.67,6.41,5.63,5.25,5.04,6.9331,0,6.9130,0,25948,10517,0.2751,0.3447,-0.0695,80.38
2026-03-13,5.97,6.11,5.94,6.07,6.61,6.43,5.65,5.26,5.05,6.7692,0,6.8771,0,27224,10984,0.2196,0.3197,-0.1001,82.97
2026-03-16,6.21,6.23,6.08,6.14,6.55,6.44,5.68,5.27,5.06,6.7692,0,6.8208,0,17887,11266,0.1793,0.2916,-0.1123,82.49
2026-03-17,6.12,6.12,6.02,6.08,6.48,6.45,5.72,5.28,5.07,6.7541,0,6.7679,0,10915,11393,0.1414,0.2615,-0.1202,81.64
2026-03-18,6.22,6.41,6.21,6.30,6.43,6.47,5.75,5.29,5.08,6.7541,0,6.7181,0,16984,11557,0.1275,0.2347,-0.1073,84.89
2026-03-19,6.24,6.54,6.16,6.49,6.41,6.48,5.79,5.31,5.09,6.7541,0,6.6713,0,18092,11793,0.1304,0.2139,-0.0835,86.99
2026-03-20,6.59,6.61,6.36,6.38,6.37,6.48,5.82,5.32,5.10,6.7541,0,6.6273,0,17086,11913,0.1218,0.1954,-0.0737,87.48
2026-03-23,6.34,6.64,6.31,6.59,6.35,6.50,5.85,5.33,5.12,6.7541,0,5.9384,1,17276,12121,0.1310,0.1826,-0.0515,88.90
2026-03-24,6.72,6.98,6.68,6.96,6.36,6.53,5.89,5.35,5.13,6.0126,1,5.9526,1,20662,12327,0.1659,0.1792,-0.0134,89.20
2026-03-25,6.94,6.94,6.78,6.80,6.39,6.55,5.93,5.36,5.14,6.0686,1,5.9937,1,9664,12418,0.1789,0.1792,-0.0002,87.37
2026-03-26,6.89,7.05,6.87,6.88,6.47,6.57,5.96,5.38,5.15,6.1722,1,6.0332,1,12468,12451,0.1929,0.1819,0.0110,88.64
2026-03-27,6.77,6.93,6.74,6.81,6.54,6.58,5.99,5.39,5.17,6.1722,1,6.0939,1,13245,12531,0.1966,0.1849,0.0118,88.53
2026-03-30,6.80,6.92,6.64,6.80,6.61,6.58,6.03,5.40,5.18,6.1722,1,6.1510,1,13474,12538,0.1965,0.1872,0.0093,89.39
2026-03-31,6.88,7.02,6.84,6.92,6.69,6.59,6.06,5.42,5.19,6.1725,1,6.2046,1,10255,12620,0.2037,0.1905,0.0132,88.60
2026-04-01,7.00,7.00,6.84,6.96,6.76,6.59,6.10,5.43,5.20,6.1901,1,6.2551,1,11483,12761,0.2099,0.1944,0.0155,89.58
2026-04-02,6.97,7.27,6.91,7.20,6.83,6.62,6.15,5.44,5.22,6.3252,1,6.3025,1,12983,12895,0.2319,0.2019,0.0300,90.63
2026-04-06,7.20,7.40,7.11,7.38,6.93,6.65,6.19,5.46,5.23,6.4770,1,6.3797,1,11611,13008,0.2604,0.2136,0.0468,91.26
2026-04-07,7.53,7.56,7.25,7.29,7.00,6.67,6.24,5.47,5.24,6.6122,1,6.4822,1,15554,13215,0.2724,0.2253,0.0471,89.36
2026-04-08,7.32,7.49,7.28,7.49,7.05,6.71,6.29,5.49,5.26,6.6122,1,6.6121,1,14835,13393,0.2948,0.2392,0.0555,89.69
2026-04-09,7.70,7.76,7.51,7.54,7.13,6.76,6.34,5.51,5.27,6.8515,1,6.7263,1,17721,13621,0.3133,0.2540,0.0592,90.22
2026-04-10,7.36,7.41,7.24,7.36,7.18,6.82,6.38,5.52,5.29,6.8515,1,6.8704,1,13643,13728,0.3096,0.2652,0.0445,89.54
2026-04-13,7.40,7.59,7.38,7.52,7.25,6.90,6.43,5.54,5.30,6.8515,1,6.9943,1,8110,13724,0.3164,0.2754,0.0410,88.68
2026-04-14,7.50,7.59,7.39,7.39,7.30,6.96,6.47,5.55,5.32,6.8515,1,7.1009,1,11265,13825,0.3071,0.2817,0.0254,87.41
2026-04-15,7.63,7.66,7.41,7.47,7.36,7.03,6.51,5.56,5.33,6.8515,1,7.1925,1,17315,14047,0.3029,0.2860,0.0169,89.02
2026-04-16,7.40,7.46,7.32,7.38,7.40,7.08,6.55,5.58,5.35,6.8515,1,7.2714,1,8942,14069,0.2889,0.2866,0.0023,87.71
2026-04-17,7.48,7.54,7.27,7.46,7.43,7.13,6.59,5.59,5.37,6.8515,1,7.7555,0,21369,14347,0.2812,0.2855,-0.0043,87.49
2026-04-20,7.41,7.61,7.24,7.56,7.44,7.19,6.64,5.61,5.38,6.8515,1,7.7458,0,16376,14463,0.2799,0.2844,-0.0045,88.20
2026-04-21,7.72,7.75,7.58,7.70,7.49,7.24,6.68,5.63,5.40,6.9058,1,7.2409,1,27672,14904,0.2866,0.2848,0.0018,89.21
2026-04-22,7.57,7.66,7.46,7.66,7.50,7.28,6.72,5.64,5.42,6.9058,1,7.2409,1,16167,15016,0.2857,0.2850,0.0007,87.86
2026-04-23,7.56,7.78,7.55,7.72,7.52,7.32,6.76,5.66,5.43,6.9176,1,7.2510,1,16792,15206,0.2868,0.2854,0.0015,87.83
2026-04-24,7.70,7.81,7.67,7.69,7.55,7.36,6.80,5.67,5.45,7.0242,1,7.2721,1,14229,15348,0.2815,0.2846,-0.0031,86.85
2026-04-27,7.74,7.91,7.65,7.82,7.58,7.42,6.85,5.69,5.47,7.0600,1,7.3041,1,14178,15515,0.2851,0.2847,0.0004,87.42
2026-04-28,7.91,8.04,7.81,7.99,7.64,7.47,6.89,5.71,5.49,7.2129,1,7.3522,1,17091,15764,0.2977,0.2873,0.0104,89.62
2026-04-29,8.09,8.18,7.97,8.01,7.70,7.53,6.93,5.73,5.50,7.3694,1,7.4208,1,18747,16055,0.3056,0.2910,0.0147,89.44
2026-04-30,8.00,8.16,8.00,8.12,7.77,7.59,6.97,5.75,5.52,7.3938,1,7.5118,1,12007,16080,0.3171,0.2962,0.0209,89.29
2026-05-01,8.07,8.16,8.03,8.12,7.84,7.63,7.01,5.77,5.54,7.4427,1,7.5919,1,6354,16050,0.3231,0.3016,0.0216,89.36
2026-05-04,8.14,8.22,8.06,8.21,7.90,7.67,7.05,5.79,5.56,7.5053,1,7.6623,1,10670,16126,0.3308,0.3074,0.0234,89.37
2026-05-05,8.42,8.68,8.33,8.62,8.00,7.74,7.09,5.81,5.58,7.7899,1,7.7410,1,14290,16115,0.3657,0.3191,0.0466,90.15
2026-05-06,8.10,8.23,7.98,8.03,8.03,7.77,7.13,5.83,5.60,7.7899,1,7.8920,1,15663,16291,0.3423,0.3237,0.0186,87.43
2026-05-07,8.01,8.06,7.78,8.05,8.07,7.79,7.16,5.85,5.62,7.7899,1,8.6845,0,14948,16381,0.3216,0.3233,-0.0017,87.09
2026-05-08,8.02,8.20,8.00,8.16,8.11,7.83,7.20,5.87,5.64,7.7899,1,8.6664,0,11085,16385,0.3104,0.3207,-0.0103,86.91
2026-05-11,8.20,8.21,8.02,8.11,8.14,7.86,7.23,5.89,5.65,7.7899,1,8.6486,0,6694,16194,0.2938,0.3153,-0.0216,85.46
2026-05-12,8.11,8.15,8.02,8.14,8.16,7.90,7.25,5.90,5.67,7.7899,1,8.6312,0,11447,15775,0.2803,0.3083,-0.0280,85.31
2026-05-13,8.20,8.23,7.80,7.92,8.15,7.92,7.28,5.92,5.69,7.7899,1,8.6142,0,11407,15427,0.2491,0.2965,-0.0474,83.51
2026-05-14,7.74,7.96,7.72,7.88,8.12,7.95,7.30,5.94,5.70,7.7899,1,8.5974,0,8192,15339,0.2182,0.2808,-0.0626,83.07
2026-05-15,7.84,7.99,7.81,7.94,8.11,7.97,7.32,5.96,5.72,7.7899,1,8.5625,0,8870,15125,0.1965,0.2640,-0.0674,84.45
2026-05-18,7.94,8.15,7.92,8.08,8.09,8.00,7.35,5.98,5.74,7.7899,1,8.5289,0,9254,14778,0.1883,0.2488,-0.0606,85.19
2026-05-19,8.11,8.12,7.91,7.94,8.03,8.01,7.37,6.00,5.76,7.7899,1,8.4967,0,10690,14516,0.1687,0.2328,-0.0641,84.93
2026-05-20,8.03,8.17,8.00,8.11,8.03,8.03,7.40,6.03,5.77,7.7899,1,8.4658,0,13842,14421,0.1646,0.2192,-0.0546,85.04
2026-05-21,8.22,8.25,8.05,8.05,8.03,8.05,7.43,6.05,5.79,7.7899,1,8.4361,0,11138,14276,0.1551,0.2063,-0.0513,85.65
2026-05-22,7.91,7.91,7.72,7.78,8.00,8.05,7.46,6.07,5.80,8.5745,0,8.4076,0,15264,14063,0.1241,0.1899,-0.0658,82.38
2026-05-26,7.67,7.71,7.48,7.61,7.94,8.04,7.49,6.08,5.82,8.3614,0,8.3803,0,22117,13960,0.0846,0.1688,-0.0842,80.18
2026-05-27,7.61,7.61,7.27,7.33,7.86,8.01,7.52,6.10,5.83,8.2380,0,8.3261,0,21785,14038,0.0309,0.1412,-0.1104,78.36
2026-05-28,7.10,7.15,6.90,7.09,7.78,7.96,7.54,6.11,5.84,7.8714,0,8.2415,0,40261,14625,-0.0312,0.1068,-0.1379,73.56
2026-05-29,6.98,7.05,6.92,6.97,7.69,7.91,7.55,6.13,5.86,7.7995,0,8.1073,0,20800,14702,-0.0889,0.0676,-0.1565,70.89
2026-06-01,7.00,7.17,6.94,7.09,7.60,7.85,7.56,6.14,5.87,7.7995,0,7.9865,0,20380,14747,-0.1236,0.0294,-0.1530,71.31
2026-06-02,7.06,7.13,7.00,7.10,7.51,7.80,7.58,6.15,5.88,7.7995,0,7.8778,0,18223,14770,-0.1487,-0.0062,-0.1425,73.18
2026-06-03,7.33,7.49,7.30,7.31,7.44,7.73,7.59,6.16,5.90,7.7995,0,7.7799,0,14237,14709,-0.1495,-0.0349,-0.1146,74.40
2026-06-04,6.95,7.03,6.83,6.87,7.32,7.68,7.59,6.17,5.91,7.7912,0,7.6919,0,17091,14638,-0.1838,-0.0647,-0.1192,66.54
2026-06-05,6.81,6.98,6.77,6.89,7.20,7.62,7.59,6.18,5.92,7.7153,0,7.5883,0,15182,14748,-0.2071,-0.0932,-0.1140,69.59
2026-06-08,7.09,7.12,6.81,6.89,7.11,7.55,7.59,6.19,5.93,7.7153,0,7.4739,0,10467,14708,-0.2230,-0.1191,-0.1039,70.83
2026-06-09,6.85,6.92,6.80,6.91,7.04,7.49,7.59,6.20,5.94,7.6592,0,7.3756,0,12246,14688,-0.2307,-0.1415,-0.0892,75.45
2026-06-10,6.89,7.03,6.88,6.96,7.01,7.43,7.59,6.21,5.95,7.6592,0,7.2911,0,7281,14565,-0.2303,-0.1592,-0.0711,76.53
2026-06-11,7.05,7.09,6.88,6.89,6.99,7.38,7.59,6.23,5.96,7.6592,0,7.2184,0,10639,14572,-0.2334,-0.1741,-0.0593,73.61
2026-06-12,6.84,7.10,6.81,7.09,7.00,7.34,7.60,6.24,5.97,7.6592,0,7.1558,0,15587,14654,-0.2166,-0.1826,-0.0340,76.21
2026-06-15,7.06,7.10,6.96,7.05,6.99,7.30,7.59,6.25,5.98,7.6592,0,7.1027,0,15802,14711,-0.2047,-0.1870,-0.0177,74.98
2026-06-16,7.05,7.09,6.84,6.95,6.98,7.24,7.59,6.26,5.99,7.6592,0,7.1027,0,14427,14767,-0.2006,-0.1897,-0.0109,73.90
2026-06-17,6.91,6.95,6.75,6.75,6.92,7.18,7.57,6.27,6.00,7.5727,0,7.0980,0,9168,14639,-0.2109,-0.1939,-0.0170,71.97
2026-06-18,6.67,6.86,6.58,6.84,6.92,7.12,7.56,6.28,6.01,7.4496,0,7.0933,0,14959,14642,-0.2098,-0.1971,-0.0127,72.12
2026-06-22,6.89,7.20,6.89,7.18,6.95,7.08,7.55,6.29,6.02,7.4496,0,6.5778,1,21507,14717,-0.1794,-0.1936,0.0142,74.57
2026-06-23,7.04,7.23,7.03,7.21,6.98,7.05,7.55,6.30,6.03,7.4496,0,6.5778,1,12006,14685,-0.1513,-0.1851,0.0338,75.98
2026-06-24,7.25,7.28,7.00,7.03,6.99,7.02,7.54,6.31,6.04,7.4496,0,6.6039,1,16207,14847,-0.1419,-0.1765,0.0346,73.42
2026-06-25,6.89,6.96,6.81,6.88,6.99,7.00,7.53,6.32,6.05,7.4496,0,6.6446,1,15896,14939,-0.1449,-0.1702,0.0252,69.15
2026-06-26,6.64,6.76,6.48,6.59,6.96,6.97,7.51,6.33,6.05,7.4146,0,7.2824,0,21327,15019,-0.1683,-0.1698,0.0015,59.91
2026-06-29,6.58,6.67,6.45,6.49,6.90,6.95,7.50,6.34,6.06,7.3399,0,7.2664,0,13026,15101,-0.1930,-0.1744,-0.0186,61.40
2026-06-30,6.33,6.35,6.15,6.28,6.82,6.91,7.47,6.34,6.06,7.0521,0,7.2339,0,24782,15169,-0.2268,-0.1849,-0.0419,55.79
2026-07-01,6.27,6.30,6.15,6.20,6.74,6.86,7.45,6.35,6.07,6.9921,0,7.1687,0,16389,15170,-0.2567,-0.1993,-0.0574,51.43
2026-07-02,6.45,6.68,6.45,6.64,6.73,6.83,7.42,6.36,6.08,6.9921,0,7.1074,0,20300,15022,-0.2425,-0.2079,-0.0346,59.26
2026-07-06,6.58,6.83,6.58,6.72,6.72,6.82,7.41,6.37,6.08,6.9921,0,7.0498,0,8619,14871,-0.2218,-0.2107,-0.0111,62.31
2026-07-07,6.67,6.79,6.64,6.79,6.68,6.82,7.39,6.38,6.09,6.9921,0,6.9957,0,6471,14665,-0.1978,-0.2081,0.0103,66.50
2026-07-08,6.86,6.92,6.80,6.89,6.65,6.82,7.37,6.39,6.10,6.9921,0,6.9448,0,8668,14554,-0.1692,-0.2003,0.0312,69.06
2026-07-09,6.81,6.84,6.55,6.64,6.61,6.80,7.35,6.40,6.10,6.9921,0,6.9230,0,6741,14405,-0.1644,-0.1931,0.0287,59.31
2026-07-10,6.66,6.88,6.66,6.88,6.61,6.80,7.32,6.42,6.11,6.9921,0,6.9230,0,8689,14237,-0.1400,-0.1825,0.0425,63.76
2026-07-13,7.08,7.11,6.90,6.92,6.64,6.80,7.30,6.43,6.12,6.9921,0,6.1475,1,9706,14056,-0.1155,-0.1691,0.0536,67.91
2026-07-14,7.01,7.15,6.99,7.07,6.70,6.80,7.28,6.44,6.13,6.3175,1,6.1667,1,8811,13992,-0.0829,-0.1519,0.0690,69.76
2026-07-15,7.13,7.15,7.00,7.13,6.79,6.80,7.26,6.46,6.14,6.3532,1,6.2058,1,7188,14009,-0.0519,-0.1319,0.0800,70.28
2026-07-16,7.06,7.14,6.99,6.99,6.87,6.81,7.24,6.47,6.15,6.3717,1,6.2434,1,10212,14000,-0.0383,-0.1131,0.0748,65.73
2026-07-17,6.90,6.94,6.82,6.86,6.89,6.81,7.20,6.48,6.16,6.3717,1,6.2795,1,9560,13905,-0.0378,-0.0981,0.0603,65.23
2026-07-20,6.93,7.03,6.91,6.93,6.91,6.82,7.18,6.49,6.17,6.3717,1,6.3141,1,6991,13732,-0.0309,-0.0846,0.0537,65.67
2026-07-21,7.05,7.18,6.93,7.14,6.94,6.81,7.16,6.51,6.18,6.3856,1,6.3474,1,7583,13584,-0.0086,-0.0694,0.0608,66.93
2026-07-22,7.23,7.25,7.09,7.12,6.97,6.81,7.14,6.52,6.19,6.5210,1,6.3972,1,7764,13518,0.0075,-0.0541,0.0615,63.71
2026-07-23,7.17,7.27,7.15,7.19,7.02,6.82,7.12,6.54,6.19,6.5798,1,6.4658,1,7605,13536,0.0253,-0.0382,0.0635,65.45
2026-07-24,7.31,7.34,7.19,7.24,7.06,6.84,7.11,6.56,6.20,6.6527,1,6.5460,1,9887,13505,0.0427,-0.0220,0.0647,66.62
2026-07-27,6.96,7.12,6.92,7.06,7.07,6.86,7.09,6.57,6.21,6.6527,1,6.6418,1,8451,13446,0.0423,-0.0092,0.0514,61.63
2026-07-28,7.12,7.19,7.09,7.13,7.08,6.89,7.07,6.59,6.23,6.6527,1,6.7260,1,8200,13446,0.0468,0.0020,0.0447,64.86
2026-07-29,7.21,7.23,7.06,7.17,7.08,6.94,7.06,6.60,6.24,6.6527,1,6.8002,1,7702,13423,0.0528,0.0122,0.0406,67.75
2026-07-30,7.19,7.30,7.13,7.27,7.11,6.99,7.04,6.62,6.25,6.6527,1,6.8654,1,6946,13376,0.0651,0.0228,0.0424,69.31
2026-07-31,7.26,7.29,7.18,7.27,7.15,7.02,7.03,6.64,6.26,6.6696,1,6.9228,1,6874,13300,0.0741,0.0330,0.0411,68.88
2026-08-03,7.23,7.26,7.05,7.20,7.18,7.04,7.01,6.66,6.27,6.6696,1,6.9734,1,6086,13145,0.0743,0.0413,0.0330,62.96
2026-08-04,7.22,7.24,7.04,7.05,7.17,7.06,6.99,6.67,6.28,6.6696,1,7.0178,1,9211,13106,0.0615,0.0453,0.0161,57.56
2026-08-05,7.13,7.18,6.88,6.88,7.15,7.06,6.97,6.69,6.29,6.6696,1,7.3439,0,9029,12982,0.0371,0.0437,-0.0065,52.20
2026-08-06,7.03,7.19,7.03,7.14,7.14,7.08,6.96,6.70,6.30,6.6696,1,7.3345,0,8562,12711,0.0388,0.0427,-0.0039,57.97
2026-08-07,7.17,7.24,7.05,7.10,7.13,7.09,6.96,6.72,6.31,6.6696,1,7.3254,0,5153,12378,0.0366,0.0415,-0.0049,51.16
2026-08-10,7.20,7.20,7.08,7.08,7.13,7.10,6.96,6.74,6.32,6.6696,1,7.3164,0,4569,11664,0.0330,0.0398,-0.0068,49.13
2026-08-11,7.07,7.08,6.86,6.92,7.11,7.09,6.96,6.75,6.33,6.6696,1,7.3076,0,7300,11394,0.0170,0.0352,-0.0183,45.28
2026-08-12,6.89,7.10,6.89,7.08,7.10,7.09,6.96,6.77,6.34,6.6696,1,7.2895,0,5589,11098,0.0170,0.0316,-0.0146,50.91
2026-08-13,7.08,7.29,7.08,7.20,7.09,7.10,6.96,6.78,6.35,6.6696,1,6.8568,1,7531,10884,0.0259,0.0305,-0.0045,49.28
2026-08-14,7.32,7.37,7.24,7.32,7.10,7.12,6.96,6.80,6.36,6.6954,1,6.8655,1,6364,10727,0.0424,0.0329,0.0096,49.98
2026-08-17,7.42,7.48,7.40,7.43,7.12,7.15,6.97,6.82,6.37,6.8411,1,6.8856,1,8735,10560,0.0639,0.0391,0.0249,56.38
2026-08-18,7.42,7.44,7.28,7.36,7.15,7.16,6.98,6.83,6.38,6.8411,1,6.9213,1,8313,10422,0.0740,0.0461,0.0279,58.45
2026-08-19,7.64,7.65,7.44,7.48,7.21,7.18,6.99,6.85,6.39,6.9317,1,6.9549,1,12638,10466,0.0909,0.0550,0.0358,60.37
2026-08-20,7.54,7.57,7.42,7.46,7.24,7.19,7.00,6.86,6.40,6.9317,1,7.0106,1,10348,10428,0.1015,0.0643,0.0372,65.03
2026-08-21,7.63,7.85,7.62,7.72,7.31,7.22,7.02,6.88,6.41,7.0809,1,7.0619,1,13134,10545,0.1291,0.0773,0.0518,71.43
2026-08-24,7.59,7.72,7.59,7.69,7.37,7.25,7.03,6.90,6.43,7.0809,1,7.1402,1,9671,10526,0.1470,0.0912,0.0557,71.80
2026-08-25,7.76,7.78,7.66,7.75,7.45,7.28,7.05,6.92,6.44,7.1231,1,7.2107,1,7342,10361,0.1638,0.1057,0.0581,74.61
2026-08-26,7.51,7.58,7.31,7.35,7.48,7.29,7.05,6.93,6.45,7.1231,1,7.2742,1,11720,10279,0.1435,0.1133,0.0302,66.81
2026-08-27,7.48,7.85,7.48,7.84,7.54,7.32,7.07,6.95,6.46,7.1231,1,7.3108,1,12699,10245,0.1651,0.1236,0.0415,77.53
2026-08-28,7.90,8.03,7.81,8.01,7.61,7.35,7.10,6.97,6.48,7.1778,1,7.3108,1,15673,10375,0.1938,0.1377,0.0561,80.10
2026-08-31,8.07,8.10,7.89,7.98,7.66,7.39,7.12,6.99,6.49,7.2615,1,7.4114,1,17057,10417,0.2117,0.1525,0.0593,77.33
2026-09-01,8.10,8.24,8.04,8.12,7.74,7.45,7.14,7.01,6.50,7.4034,1,7.5217,1,16635,10319,0.2347,0.1689,0.0658,84.01
2026-09-02,8.11,8.43,8.09,8.40,7.83,7.52,7.16,7.03,6.52,7.4925,1,7.6514,1,16074,10401,0.2720,0.1895,0.0824,85.71
2026-09-03,8.39,8.54,8.38,8.45,7.93,7.59,7.19,7.05,6.53,7.7215,1,7.8074,1,21545,10507,0.3018,0.2120,0.0898,86.75
2026-09-04,8.46,8.75,8.46,8.72,8.03,7.67,7.23,7.08,6.55,7.8464,1,7.9540,1,25211,10694,0.3436,0.2383,0.1053,88.78
2026-09-08,8.81,8.98,8.61,8.96,8.16,7.76,7.27,7.10,6.57,8.0031,1,8.1129,1,33690,10941,0.3916,0.2690,0.1226,90.25
2026-09-09,9.00,9.20,8.91,9.16,8.30,7.87,7.33,7.12,6.58,8.2576,1,8.2853,1,27896,11238,0.4407,0.3033,0.1374,92.02
2026-09-10,9.08,9.44,9.04,9.36,8.50,7.99,7.39,7.15,6.60,8.4023,1,8.4682,1,28997,11323,0.4901,0.3407,0.1494,93.02
2026-09-11,9.32,9.60,9.31,9.38,8.65,8.10,7.45,7.18,6.62,8.6131,1,8.6626,1,23762,11470,0.5248,0.3775,0.1473,92.61
2026-09-14,9.35,9.41,9.23,9.33,8.79,8.20,7.51,7.20,6.64,8.6131,1,8.8491,1,19851,11461,0.5420,0.4104,0.1316,92.73
2026-09-15,9.33,9.48,9.27,9.48,8.94,8.30,7.56,7.23,6.67,8.6131,1,8.9983,1,21824,11725,0.5613,0.4406,0.1207,93.77
2026-09-16,9.59,9.84,9.53,9.71,9.09,8.42,7.62,7.26,6.69,8.8619,1,9.1176,1,22157,12039,0.5884,0.4701,0.1182,94.11
2026-09-17,9.75,9.86,9.65,9.72,9.23,8.53,7.68,7.28,6.71,8.9528,1,9.2621,1,18788,12241,0.6037,0.4968,0.1068,93.48
2026-09-18,9.85,10.12,9.75,10.12,9.39,8.66,7.75,7.31,6.74,9.0922,1,9.3817,1,24164,12590,0.6407,0.5256,0.1151,94.22
2026-09-21,9.75,10.09,9.70,9.71,9.49,8.76,7.80,7.34,6.76,9.0922,1,9.5293,1,23192,12880,0.6297,0.5464,0.0832,92.65
2026-09-22,9.30,9.45,9.20,9.23,9.52,8.84,7.85,7.36,6.78,9.0922,1,10.1200,0,28051,13247,0.5756,0.5522,0.0233,91.14
2026-09-23,9.28,9.31,9.06,9.10,9.51,8.91,7.89,7.38,6.80,9.0922,1,10.1016,0,14430,13359,0.5163,0.5450,-0.0288,92.39
2026-09-24,8.47,8.92,8.41,8.92,9.47,8.99,7.93,7.40,6.82,9.7083,0,10.0599,0,86371,14943,0.4495,0.5259,-0.0764,92.73
2026-09-25,8.79,8.94,8.76,8.92,9.42,9.04,7.96,7.42,6.84,9.7083,0,9.9609,0,38421,15507,0.3922,0.4992,-0.1070,92.88
2026-09-28,9.14,9.28,9.05,9.13,9.40,9.10,8.01,7.44,6.86,9.7083,0,9.8679,0,25080,15817,0.3595,0.4712,-0.1118,93.20
2026-09-29,9.32,9.69,9.31,9.67,9.42,9.18,8.06,7.46,6.89,9.7083,0,9.7804,0,48155,16641,0.3729,0.4516,-0.0787,94.22
2026-09-30,9.93,10.13,9.92,9.94,9.45,9.27,8.12,7.48,6.91,8.9245,1,8.4100,1,34166,17172,0.4006,0.4414,-0.0408,95.22
2026-10-01,9.65,10.07,9.57,10.07,9.48,9.35,8.18,7.51,6.94,8.9245,1,8.4444,1,29123,17599,0.4282,0.4387,-0.0106,95.26
2026-10-02,9.91,10.28,9.87,10.25,9.49,9.44,8.24,7.53,6.96,8.9256,1,8.4781,1,26314,17974,0.4593,0.4428,0.0164,94.56
2026-10-05,10.38,10.42,9.95,10.28,9.55,9.52,8.30,7.55,6.99,9.0095,1,8.5502,1,37665,18529,0.4808,0.4504,0.0303,95.09
2026-10-06,10.22,10.25,10.07,10.13,9.64,9.58,8.36,7.58,7.02,9.0391,1,8.6624,1,19306,18746,0.4802,0.4564,0.0238,95.06
2026-10-07,10.19,10.48,10.13,10.33,9.76,9.64,8.43,7.60,7.05,9.1912,1,8.7678,1,38208,19346,0.4902,0.4631,0.0270,95.86
2026-10-08,10.58,10.90,10.55,10.85,9.96,9.71,8.50,7.63,7.08,9.5480,1,8.9048,1,43816,20069,0.5339,0.4773,0.0566,96.67
2026-10-09,10.56,10.88,10.52,10.72,10.14,9.78,8.57,7.65,7.11,9.5480,1,9.1038,1,45481,20839,0.5517,0.4922,0.0596,95.97
